logFC	AveExpr	t	P.Value	adj.P.Val	B	BC_Hom_120_d25_1	BC_Hom_120_d25_2	BC_WT_d25_1	BC_WT_d25_2	BC_WT_d25_3
CSAG1	7.54530233555428	11.4207309117227	20.1327279828946	1.66898626369153e-12	1.91061474581706e-08	17.724227591386	7.0514116178631	6.73568740291711	14.3735801534033	14.4141944910117	14.5287808934181
CSAG2	7.48823003158606	10.7540166375233	20.0275225675791	1.80459480124397e-12	1.91061474581706e-08	17.6657498235512	6.25284903667162	6.26930820047176	13.5725697454228	13.7953721084631	13.8799840965874
GOPC	-7.23223512894947	8.08088026512526	-19.2074829676467	3.36239572251225e-12	1.94575354771521e-08	17.1938012939946	12.3103984271695	12.5300442578203	5.39308190817278	5.08324795340278	5.08762877906085
GCG	-7.23479374093124	9.57902175538014	-19.0927120111695	3.67556750453876e-12	1.94575354771521e-08	17.1253918516549	13.910286097111	13.9295099027667	6.52569232178894	6.56170997675044	6.96791047848355
CAT	-6.68554603261381	7.07793862427467	-17.73016201418	1.10049925076125e-11	4.66061432697387e-08	16.2656921744959	10.9790823067127	11.1994501809732	4.2319017137359	4.37516362795763	4.6040952919939
ENST00000361201	6.6131815532962	11.0915915563836	17.1040862940668	1.8695968966946e-11	6.59811904791803e-08	15.839200362939	6.78511226614531	7.46225298266653	13.7436887188616	13.7551810703333	13.7117227439115
ZNF502	6.26772345704566	8.40494245866214	16.3924440682918	3.48989435216785e-11	1.05569304153078e-07	15.3281557903465	4.93414875466881	4.35446801420067	10.9029980891767	10.9388745564557	10.8942228788088
CRYZ	-5.98816785015707	6.44831243938031	-15.903306528659	5.43657152026843e-11	1.31757376175898e-07	14.9596802397027	10.0569292868669	10.0254970120822	4.27848161628696	3.86767821197724	4.01297606968825
QPCT	6.93032944710925	9.75451354327753	15.8710791570633	5.6000773817383e-11	1.31757376175898e-07	14.9348896256599	5.45598259750512	5.73664915251884	13.1633432809697	11.7922294533284	12.6243632320656
XAGE1A	7.43464189815816	9.1067985139295	15.6931463711065	6.60187616506952e-11	1.39794727795347e-07	14.7968470115448	4.64582483594974	4.64620191411946	12.6883185459697	11.0468552441017	12.5067920295068
MAGEA12	6.16906448434508	9.51630139511865	15.3507249637425	9.10465016160326e-11	1.75264515610863e-07	14.5255135767691	5.69475259610701	5.9349728129162	12.4248635872013	11.5061485472754	12.0207694320934
POTEB	5.66912353424336	11.5718046188561	15.220139073682	1.03092390773731e-10	1.81915114552813e-07	14.4200250455803	8.15418913907842	8.18647185754172	13.7524329982862	13.7854507229093	13.9804783764648
RPS4Y1	-5.95085000966578	6.76730871852678	-15.1052399631486	1.15092376283355e-10	1.87467774446157e-07	14.32627061218	10.3322922202384	10.3433452284141	4.58554714278143	4.65978621897708	3.91557278222291
RPS4Y2	-5.52386575881156	7.03758578640743	-14.2680585563328	2.62686515496626e-10	3.97313354688647e-07	13.6156330172807	10.3069373345376	10.3968731488512	5.17851793204102	4.80969349280077	4.49590702380662
TMEM236	-5.58584247262189	7.62044683598004	-14.0679361398438	3.21969951632071e-10	4.54514248387273e-07	13.438298096701	11.0522301257785	10.8916745133279	5.88183303823629	5.14638297259935	5.13011352995821
TYW3	-5.28754359592571	5.30520943866167	-13.7350182467829	4.54225188395181e-10	6.01138647766748e-07	13.1365962765157	8.46436658415875	8.49110460827545	3.37047672939256	2.81969283401337	3.38040643746825
LOC643406	5.27554494748468	8.0899952332716	13.5265980256889	5.65493338756767e-10	7.04371849892621e-07	12.9433501509	5.10182073779955	4.74751579176203	9.84955990323303	10.2498815365653	10.5011981969981
SEPHS2	-5.98203569446365	9.73219010163819	-13.4458336145309	6.16081800101926e-10	7.24751784286571e-07	12.8675412996833	13.3560215338676	13.2868015027652	6.87334379603257	8.20488056173427	6.93990311379136
POTED	5.01346734977261	11.1510794108748	13.1643785380956	8.33331841370696e-10	9.28726407422341e-07	12.5992370088596	8.40089330738516	7.88510469463722	13.1085883190049	13.1055962485985	13.255214484748
TNNT1	4.88610566078957	10.9509137325862	12.5898069474722	1.57084599374821e-09	1.66313319588091e-06	12.0309573251473	8.0242369301426	8.01426374208235	12.6031657506336	13.2953729682311	12.8175292718415
TRIM4	4.80502510961418	7.44685070437874	12.3832896726356	1.98453981746452e-09	1.94087721501135e-06	11.8196970428893	4.40454084616228	4.72313043105819	9.26686319677093	9.72297556739807	9.11674348050425
HTR2C	4.86235942888288	7.88417687607556	12.3692811415534	2.016495807804e-09	1.94087721501135e-06	11.8052287397279	5.05493008250241	4.87859235498925	10.1774255825181	9.40389777229337	9.90603858807466
LPPR5	-5.55622369524667	7.5064992308509	-12.1708479008788	2.53263346474406e-09	2.22491747449968e-06	11.5983701504885	10.8653403399525	10.8151265560453	6.11245568746099	4.48789271183719	5.2516808589585
SPON1	-4.52707217024109	6.23435557624866	-12.1702372809099	2.53442214415755e-09	2.22491747449968e-06	11.5977280468447	8.89037333533835	9.01082442144827	4.38516046541788	4.35730414554748	4.52811551349131
MUC15	5.43277149020645	7.07410619335438	12.1392994506494	2.62682110330541e-09	2.22491747449968e-06	11.5651500551816	3.6695965551643	3.95929004329671	9.90666363922623	8.42881204380523	9.40616868527942
CCK	-4.52454566297658	6.47477989097631	-12.0308167756017	2.98002571174604e-09	2.31914721391411e-06	11.4502152933588	9.02569103024283	9.35332354728169	4.78140938175681	4.54798580630832	4.6654896892919
LOC100505876	4.71465913219038	7.18461289953873	12.0195852603554	3.01936513195367e-09	2.31914721391411e-06	11.4382531233527	4.71214217185229	3.99949266859671	9.23762984567126	9.07451540490956	8.89928440666383
lincRNA:chr3:165221024-165290561_R	4.52043046613122	7.81601622935737	11.9950057937569	3.1073871705752e-09	2.31914721391411e-06	11.4120334340749	5.20005326953991	5.00746262981736	9.65217414484915	9.42035665595776	9.80003444662266
LINC00470	4.71545622863139	8.20457386767266	11.9763078462202	3.17616383487646e-09	2.31914721391411e-06	11.3920497666174	5.2243838582767	5.52621640271095	10.4443384026403	9.6906520322109	10.1372786425244
APCDD1	-4.72439839126635	7.98980143771903	-11.8839557630089	3.54030509387248e-09	2.49886534542499e-06	11.2928635817602	10.6304628647093	11.0184180802484	5.93012205703274	6.55254380100894	5.81746038559578
MAGEA1	5.75129706637124	9.25897549862428	11.8103565331653	3.8620781389609e-09	2.63804853524184e-06	11.2132379915446	4.88414999384021	6.73224452376286	11.8642147069644	11.4704408175426	11.3438274510113
PNPLA4	4.32608708608668	9.13566249618297	11.5888854927126	5.03120567605726e-09	3.32924313095351e-06	10.9704854620602	6.48729420653895	6.59272628252298	10.9705462231075	10.7130596555797	10.9146861131657
NUDT19	-4.40513203790752	7.11717604976813	-11.4726507493756	5.78975523902356e-09	3.71509294504012e-06	10.841162557492	9.72077234313646	9.79973820188883	5.5504958473294	5.00083984791376	5.5140340085722
LINC00230A	-4.50558586571449	6.54841374449858	-11.2454134050573	7.64428013217035e-09	4.76081269996198e-06	10.5844431312838	9.37109765787795	9.13243286997659	5.12894693686711	4.86023888352958	4.24935237424166
CASR	-4.76495088067264	7.5727627930304	-11.0412320054122	9.84999837544408e-09	5.95924901714367e-06	10.3492867073604	10.4230322869338	10.4404343559342	6.21172961197556	4.91164327171872	5.87697443858974
MAGEA2B	4.60246736884171	8.92921570676316	10.8944662862087	1.18460436773605e-08	6.9677770796697e-06	10.1775785541462	6.01188303603407	6.32358753488221	11.461545711396	10.4557504351266	10.3933118163769
MAGEA10	4.42556067709885	6.78314251152571	10.808446257114	1.3211029918425e-08	7.56063671682837e-06	10.0758821403033	3.83349126577279	4.42212094476002	8.44316878498548	9.04173460151283	8.17519696059746
EPS8	-3.97294995393082	8.15177178214901	-10.6792170773853	1.55828699074866e-08	8.68334921818495e-06	9.9216137527206	10.4525399898089	10.6185435192061	6.5920123702177	6.47850251448295	6.61726051702941
HOXC9	4.01990975367411	9.23175614825664	10.5447151441706	1.85354534043456e-08	1.00638006624877e-05	9.75912897248445	6.9807604875018	6.65886010460254	10.8429051031657	10.6130460504964	11.0632089955167
lincRNA:chr1:186969952-187183302_F	3.93655346429016	5.7576891876352	10.4721259202121	2.03695169661263e-08	1.07831130439431e-05	9.67061332704268	3.22248664186441	3.56902757625779	7.29708714694885	7.25878363394483	7.4410609391601
FAM149A	-4.21517388507232	5.42112646563023	-10.3090605127735	2.52251812690634e-08	1.27885694587157e-05	9.46963522184242	8.03544162277793	7.86501997056933	3.37047672939256	4.33225857688372	3.50243542852763
ZNF542	3.82501535250537	7.74647066038307	10.3048479994733	2.53657576040642e-08	1.27885694587157e-05	9.46440380663008	5.47278015899168	5.43014273876803	9.30445392318741	9.3367964629567	9.18818001801154
HOXC6	3.76915658123411	9.80284691032886	10.1367745004477	3.17075309106904e-08	1.56141155124155e-05	9.25403524881306	7.50859625501727	7.57410966815951	11.3878102708052	11.1980787625895	11.3456395950727
FAM155A	-4.44566809138828	10.0779084719444	-10.0933785364978	3.3603367814372e-08	1.61716207606665e-05	9.19919441529907	12.7093667383231	12.7812519152317	8.63882656116126	7.46666549152101	8.79343165348513
COX7B2	4.09390844794869	7.31095121115646	9.89948148439969	4.36591492306812e-08	2.05440552213261e-05	8.95149363085081	4.93414875466881	4.77506353010567	9.2987905846527	8.30826129017613	9.23849189617897
GPR101	-3.89009954282666	4.96881705557873	-9.81468663821476	4.90137742902093e-08	2.25623189259822e-05	8.8417841217532	7.49885539591464	7.1068981666348	2.98315613740894	3.5338913764783	3.72128420145696
IGF2	-3.63522883133664	9.73750274711373	-9.74745255746173	5.37508283379941e-08	2.42164636182346e-05	8.75418874980058	11.9682771162296	11.8690029756018	8.25098901466155	8.42379262402901	8.17545200504665
TLX2	4.18002212345047	8.79459667766458	9.7083099019105	5.67290702611036e-08	2.50257929745598e-05	8.70294341756859	6.72452443943607	5.84864236775254	10.6677102189106	9.89101180284125	10.8410945593825
lincRNA:chr5:126371352-126373205_R	3.57787590722806	6.92911062069815	9.53329140170138	7.23405947344553e-08	3.09658961803363e-05	8.47155041329203	4.76481924330617	4.79995090941646	8.55381828312083	8.1819719566308	8.34499271101648
LOC339975	-3.6082070992105	6.13116708217926	-9.5256393372534	7.31189992451861e-08	3.09658961803363e-05	8.46134866317665	8.39163052655605	8.20055215685506	4.91378149322649	4.68454239361556	4.46532884064313
HOXB2	-3.63776206293102	6.92080150313815	-9.44714655107496	8.16332726332874e-08	3.389381466686e-05	8.35628753362209	9.11132312225615	9.09559435953737	5.76406583577649	5.12411980839666	5.50890438972406
LOC440910	3.85032344242883	8.4431119159532	9.31761531880249	9.80486407791283e-08	3.99265378557316e-05	8.18124923644091	5.76157186837135	6.50426383262047	10.4236607667804	9.59310907452384	9.93295403747
MAGEA4	3.78342940739334	6.04063663565621	9.30391743966512	9.99776595616398e-08	3.99439045512778e-05	8.16261701467169	3.62721819055502	3.91393979188538	8.12007378001679	7.23410350030923	7.30784791551462
LOC338817	-3.58428832024714	6.36037853503756	-9.28061546476432	1.03351666040375e-07	3.9960388451713e-05	8.13086714361366	8.78093770186275	8.24096535250895	5.09542978010127	4.70888093412979	4.97567890658507
AK126778	3.53146722480996	5.76452438284915	9.27055507490258	1.04845261958397e-07	3.9960388451713e-05	8.1171384450167	3.72226051966857	3.56902757625779	7.47668017183923	7.0639330455627	6.99072060091748
LOC644554	3.65640376410975	6.89780158095834	9.2649957128974	1.05680366153291e-07	3.9960388451713e-05	8.10954653496277	5.01922811352418	4.3886905314608	8.38803985266086	8.07610394534037	8.6169454618055
B3GALT2	-3.54920954065318	7.26383460930859	-9.19867681137023	1.16201225084216e-07	4.31677358097941e-05	8.01868124981312	9.41981136705115	9.36690930034985	6.0963550305769	5.4711197744584	5.96497757410666
FAM50B	-3.5967988905074	7.85218139560457	-9.15249965344443	1.24175036357566e-07	4.53345930150252e-05	7.95508490134919	9.95557320082928	10.0649482589887	6.73677480809078	5.96971272989624	6.53389798021781
CCDC125	-3.39014198221156	8.69843345256155	-9.0441958492713	1.45225584294363e-07	5.21212160581889e-05	7.80486288934369	10.6872773033844	10.7777599803925	7.19152879804689	7.53062054955316	7.30498063143073
lincRNA:chr2:216585154-216585719_F	3.48296388209825	7.95686980024595	8.89207930520271	1.81357843974782e-07	6.34268960394586e-05	7.59132856745919	5.85622250767575	5.87796043429824	9.63594620586679	8.9068660918615	9.50735376152745
ITIH2	3.3139844402523	8.37847178474876	8.88699726318478	1.82717386465501e-07	6.34268960394586e-05	7.58414293204781	6.32926910061677	6.45089314057799	9.83738644303807	9.60034819727122	9.67446204223975
FAT1	-3.53201694814863	8.25570237139737	-8.79112748140169	2.10479252137762e-07	7.18854542583404e-05	7.44795891379264	10.4443170312904	10.3055080492827	6.66710328788166	7.37541092175828	6.48617256677383
KCNA4	-3.24911608716416	5.15936785734776	-8.57552376807545	2.90441218425889e-07	9.62370438843044e-05	7.13727005440343	7.35017596279618	6.86749905649632	3.81786093332865	3.85802238151996	3.90328095259767
FLJ25758	-3.24877633816201	5.07505433494339	-8.57454455708396	2.90869931928948e-07	9.62370438843044e-05	7.1358449001563	6.78511226614531	7.26352800953588	3.77683413277617	3.82851306480261	3.72128420145696
LOC149837	3.77374454290937	6.46368047162475	8.55895452292078	2.9778592304205e-07	9.7009491083314e-05	7.11313771403444	3.48701025522455	4.9118572365337	8.12924101026669	7.82044037648554	7.96985347961327
OPCML	-4.21538920434065	6.93716355337971	-8.43672468623216	3.58387681234151e-07	0.000114982714395957	6.93397609590284	9.47805484752835	9.45473930443983	5.95285196797827	4.07919400763594	5.72097763931613
LOC440905	3.46447478002646	9.22969199066182	8.41347315743324	3.71317001328398e-07	0.000117352798554162	6.89966631095992	7.10198382020401	7.20003042508789	11.1364624219598	10.0465039093582	10.6634793766992
POTEE	3.0487500560964	12.9453630298472	8.22770897792569	4.94012191772741e-07	0.000153833943540997	6.62291024291875	11.0917854521382	11.1404405402406	14.2092447689174	14.1327389283276	14.1526054596123
TSHZ3	-3.93386000933334	6.03116896159508	-8.08024726703616	6.2154761146313e-07	0.000185560552437882	6.39984056496514	8.53347181526844	8.24949811912174	4.98831423156724	3.35859574115227	5.02596490086572
TUSC1	3.08663047759822	11.7206979020764	8.07567131599929	6.26019879441985e-07	0.000185560552437882	6.39287015280864	9.76974584800866	9.96769338302629	13.0464730711343	12.6498944159072	13.1696827923056
ENST00000456585	3.24135874245594	6.37692688151571	8.07540098946069	6.26285136407648e-07	0.000185560552437882	6.39245828113722	4.81427913436536	4.04994413771894	7.43232466776723	7.97613380319871	7.61195266452831
NEFM	-3.55750898313964	5.77984891034958	-8.07066684410387	6.30949694239787e-07	0.000185560552437882	6.38524365027221	8.05775488141837	7.77095371904836	4.93748032916682	3.55955357338178	4.57350204873258
FGF14	-3.12764514601972	6.85465864932418	-8.05236102147989	6.49332758020414e-07	0.00018835097467236	6.35731699946067	8.83661647230672	8.6258750015653	5.95137025193249	5.26834090602302	5.59109061479335
GLI3	-3.16472766661794	5.64747533251772	-8.04341210805696	6.58523422400343e-07	0.000188435587423341	6.34364788432629	7.65188987591391	7.44073398906305	4.33693893137554	4.79346187028642	4.01435199594968
SLC18A2	-3.23413416269736	7.64970842018426	-7.99621005948278	7.09314889275727e-07	0.000199133813159452	6.27136352341713	9.62705935678493	9.55331847882042	6.76087063250428	5.80508027771716	6.50221335509451
HIVEP2	-2.99980760308661	8.23530664052683	-7.99139842279385	7.14718762697442e-07	0.000199133813159452	6.26397756866563	10.0617338571136	10.008648547644	7.14721282267748	7.13914813351215	6.81978984168693
HOXA7	3.2518013596035	10.6371913932721	7.98253944677648	7.24781563653046e-07	0.000199314930004588	6.2503703889874	8.70141135143311	8.67080980358694	11.4966564669782	12.5069166582723	11.8101626860901
DACH1	-3.44185379956395	8.99168190880558	-7.96203146259255	7.48651662323826e-07	0.000200646835840342	6.21882839513633	11.0556696380702	11.0579187390177	8.25602569076892	6.90284004631806	7.685955429853
FAM110C	-3.24078244268372	6.42111002327315	-7.95799931150425	7.53441220656848e-07	0.000200646835840342	6.21261986587084	8.36005015951043	8.37110881825633	5.65299478545875	4.62114558193093	5.1002507712093
LOC150622	3.08392639185268	7.94282227816365	7.95414318873533	7.58051800105188e-07	0.000200646835840342	6.20668024230561	5.92504078938783	6.25989209671627	9.28269818750864	8.82945701452304	9.4170233026825
TMEM132B	-3.0649494034202	7.40740970873517	-7.90279001127073	8.22358012259465e-07	0.000214980628513508	6.12738117681084	9.18261618548716	9.31014251608742	6.39874512734663	5.78263569620085	6.36290901855378
PRKCDBP	-3.2659185724596	9.62799164947543	-7.88347131913773	8.4801082196779e-07	0.000218983282380097	6.0974533256778	11.6054054653922	11.5696801205101	7.70656304564958	8.43886932000408	8.81944029582111
TNNI3	2.96795309881469	10.105429846108	7.8725931313997	8.62824254706722e-07	0.000220124139679697	6.0805780441561	8.34894767029448	8.3003683033438	11.3621559054398	11.0513167561155	11.4643605953462
ASTN1	-3.84790439082028	6.66684266240135	-7.86458075449756	8.73908791771447e-07	0.000220297841259052	6.06813779703937	8.99474881601276	8.95642177777427	5.75083921957282	4.00572735696518	5.62647614168172
MICA	-3.11087996928404	7.01050548103918	-7.83592928327772	9.14785082205263e-07	0.000227889107243488	6.02357846672977	8.83811052763068	8.91595639758854	5.28758787891495	5.87469997194121	6.13617262912055
GRIN3A	-3.09269279601143	10.8560131351084	-7.81815964770545	9.41141005968477e-07	0.000231728613969564	5.99588442168514	12.6144945966043	12.8087630288262	9.32887564027725	9.43627895076044	10.0916534590738
DMRTC1	-2.98813251666662	9.78060642398076	-7.80039479590189	9.68287872311158e-07	0.000235672364324009	5.96815310968068	11.5438046880443	11.6031671799172	8.91374658790046	8.33219990398473	8.51011376005714
TMEM30B	-2.8772888686755	10.8742626563444	-7.75180934106658	1.04681456085543e-06	0.000251889753705837	5.89208139030636	12.6071034027774	12.594168552322	9.8133529980519	9.69782995084902	9.65885837772164
LCN15	-3.19373930552029	8.30915796919452	-7.73188050179509	1.08093274227679e-06	0.0002571769754799	5.86078112249312	10.2644225652059	10.1863805398075	6.41876926146609	7.5045414368299	7.17167604266323
SST	-3.39768799213625	14.5009579964546	-7.72082093038388	1.10036845944027e-06	0.000257960360037386	5.8433865345257	16.5915788868653	16.4875626966075	13.5290032140871	12.3084751097922	13.5881700749211
DDX3Y	-2.88793394443437	7.20860750448921	-7.71429876178496	1.11200191469125e-06	0.000257960360037386	5.83312023974277	8.87925788246816	9.0034778598315	5.96573768511464	6.23468218462521	5.95988191040654
ENST00000400102	-3.49819406890455	7.96903426863082	-7.7050457556516	1.12872824484603e-06	0.000257960360037386	5.81854502997357	10.0125757429616	10.1233256769855	7.3750849734588	5.77903616068276	6.55514878906544
ENST00000500944	-3.50904170514096	9.23736326819674	-7.70273050976729	1.13295459189974e-06	0.000257960360037386	5.81489617550745	11.3133086553602	11.3722679272025	8.59232644763809	6.98473244732893	7.92418086345403
DLX6	3.16736417802888	7.54681166565274	7.6315796241399	1.27127537359176e-06	0.000286375064210696	5.70238807313603	5.98036135406159	5.31242496360923	8.42033949021066	9.32427271985642	8.69665980052578
CYP4F3	3.19485993324749	6.47748985345757	7.57281182467938	1.39886201882904e-06	0.000311798981565316	5.60891396164465	4.87671519453387	4.24443259248428	8.25958833518077	7.20558546803694	7.80112767705199
GLYATL3	2.8294227774204	9.63571442315552	7.41692295842664	1.80676144766957e-06	0.000398522642233366	5.3585530192833	7.98813487993488	7.88798663347168	10.8834454177793	10.4529914954489	10.9660136891427
TCN1	4.87255937738736	8.2243920333361	7.40414952695894	1.84530356230743e-06	0.000402827865276905	5.33788289905701	5.49989842564084	5.10181438816651	9.31460115530939	12.0693784691526	9.13626772841117
HOXA9	2.85447695179529	9.68075435809482	7.39137897901848	1.8846994181305e-06	0.000407229695703197	5.3171938005496	7.96089360334567	7.97524277068962	10.9476174239617	10.443613773263	11.076404219214
FGL1	3.43061743543422	8.07498620489348	7.36787229197985	1.95953754655428e-06	0.000417109319022686	5.27904962017844	5.94069160123641	6.09253988602948	9.10108034744666	10.4224052983619	8.81821389139293
SMC2	-2.7391562129684	9.43551620623324	-7.36471637714805	1.96981968841883e-06	0.000417109319022686	5.27392242639764	11.0580686725258	11.0999511955027	8.45996671286197	8.30044193187835	8.25915251839731
H2BFWT	3.48888061391749	6.03797893845989	7.31558958959677	2.13737797664406e-06	0.000448108699558791	5.19392296147756	3.93001109692208	3.95929004329671	8.09624862225979	6.38941422503039	7.81493070479049
lincRNA:chr14:92224252-92224737_R	-2.86378097206313	4.93007179479097	-7.29888165029013	2.19771379429015e-06	0.000456241074451901	5.16663528112177	6.76375619924044	6.53292455681726	4.21439203396556	3.63685075540397	3.50243542852763
lincRNA:chr2:216484829-216487449_F	2.91223291395847	7.96845150863066	7.27717640263131	2.27877277209361e-06	0.000467331233169206	5.13112520826683	5.94942798380382	6.49279553670733	8.8301639383749	9.55169258971853	9.01817749454871
KCNK2	2.95529493414931	6.08725677659768	7.27285676501585	2.29527500588418e-06	0.000467331233169206	5.12405003419543	4.16868435710436	4.45947527511183	7.69611363056679	6.73627127768172	7.3757393425237
MCOLN3	-2.88752803835064	6.32969447574112	-7.25424075383716	2.36783894125451e-06	0.000477514186486326	5.09352757631536	8.12182876372757	8.00259383377545	5.54554296314787	4.68698133668842	5.29152548136631
SMEK3P	2.9164839958499	5.6916080992558	7.23192267562903	2.45801289248526e-06	0.000486221047445877	5.05686865134938	3.83349126577279	4.04994413771894	7.30858987977589	6.90335326021652	6.36266195279488
COMT	-2.79453135191284	8.63864170126842	-7.22887419414279	2.47060641193881e-06	0.000486221047445877	5.05185567536963	10.4022860325271	10.2284349923051	7.46176756769253	7.87363042836129	7.22708948545604
LOC100509175	3.2974122672219	6.80544810322608	7.22663504485436	2.479899557221e-06	0.000486221047445877	5.04817271509479	4.46591184371232	5.18808964207357	8.52566366316177	7.28495518086272	8.56262018632004
lincRNA:chr14:92220122-92237072_R	-2.70131246581572	5.17020564651528	-7.20275058405022	2.58133643728602e-06	0.00050146604641772	5.00884191362812	6.7450244199283	6.83696183208112	4.08527770373839	4.26819149460566	3.91557278222291
IRX2	-5.30363162535006	11.0398456504019	-7.18533231139104	2.65804600845365e-06	0.000511673856627328	4.98010649717964	14.2757655171735	14.1682837340503	10.0505322021947	6.67449671288777	10.0301500857031
ITM2A	-2.73472079389091	5.15341477435315	-7.16294414692657	2.76016480496242e-06	0.000526544952658372	4.94310695829877	6.95990745749944	6.62858704387595	4.27951149436526	4.07919400763594	3.81987386838915
LARGE	-2.89535148635416	8.9344008955235	-7.14192408602906	2.85978627173898e-06	0.00054067834200065	4.90830165210298	10.6725446816686	10.6706788930034	8.03759605745273	7.19656435973272	8.09462048576005
PRKAR2B	-2.75881300176919	8.60291413527393	-7.13604383459328	2.88832360520039e-06	0.000541241171151489	4.89855347370046	10.2612988335775	10.2551050390934	7.80447264392502	7.13464896326956	7.55904519650417
BC069683	-2.80319949163115	6.38511690327567	-7.1119457695982	3.00842493660451e-06	0.000558801737128075	4.85855122166604	7.92237663786909	8.21169655863962	5.11265803938091	4.97690652779381	5.70194675269491
MAGEA6	2.64537803366546	11.4021355632476	7.09383606821426	3.10211589622064e-06	0.000571193948717149	4.82843352336864	9.72426279233854	9.90555469375802	12.5413242158543	12.3467851113988	12.4927510028882
SLC30A8	-2.72691674819275	9.25170178490054	-7.08143857748714	3.16801215084788e-06	0.00057829876977762	4.80778790939628	10.8971004077889	10.8786032598435	8.07259935833125	7.89203293615241	8.51817296238664
SKAP1	-2.6962764785086	6.83076165900401	-7.05467386632863	3.31532047838706e-06	0.000600016334443129	4.76313961650945	8.52325617710278	8.37379891511555	5.49569701115997	6.04935785049561	5.71169834114612
C6orf192	-2.69321977123631	7.70111905252978	-7.01936285473113	3.5207173147733e-06	0.000631789738477326	4.704073743081	9.47426537535808	9.15983645518505	6.88244594112325	6.35620414247102	6.6328433485115
MAOA	2.62244125822177	11.1457078204747	6.99484722112865	3.67112105369831e-06	0.000653243599261022	4.66295796207354	9.63436639033248	9.51011974075075	12.1896291295028	12.365854956018	12.0285688857694
LOXL4	-2.78255430609476	8.95126458809658	-6.97533164174713	3.79564983504644e-06	0.000669774043809236	4.6301647723946	10.6410746017395	10.6005197417673	8.12680127903246	8.07028326240319	7.31764405554038
TMEM132D	-2.86388106491712	6.55487179612405	-6.94727803373041	3.9824563046485e-06	0.000696929853313487	4.58292654954356	8.1728331720872	8.37356769806145	5.27149201269339	6.00764541431812	4.9488206834601
XKR6	-2.64029204821362	6.3244594552539	-6.93845150022899	4.04320099964226e-06	0.000701760501372335	4.56804001110937	7.97870578604154	7.8385635823226	5.53908592663253	5.02441925414889	5.24152272712392
C5orf38	-2.65883864018032	6.02328682610091	-6.87516050753642	4.50817910114172e-06	0.000776103190785982	4.46095980642017	7.76709591983028	7.47008410058793	5.28708138408692	4.91164327171872	4.6805294542807
SEMA3C	-2.61742752347202	5.04420793110994	-6.87001454749994	4.54836568346555e-06	0.000776706801188573	4.45222759402966	6.65709285393377	6.57223603645254	4.30452379794828	3.79547156362521	3.89171540358991
PPP1R14C	-2.56901232310912	6.77191647258542	-6.85746425350126	4.64795410764656e-06	0.000787363425835327	4.43091457510829	8.29253063053583	8.33411710236595	5.66979287990244	5.94211375205092	5.62102799807197
C1orf168	2.62117709718513	8.26973846815161	6.84003084270458	4.79008954371076e-06	0.000805001159429169	4.40127053115602	6.82440042724876	6.56966399243232	9.24593647927645	9.61987749034168	9.08881395145886
TTTY15	-2.74839265515075	4.67427073222663	-6.82122102884827	4.9485552238852e-06	0.000825083912328891	4.36923584705608	5.87346320845786	6.77314944217629	3.53722386582556	3.41822073512892	3.7692964095445
PLXDC2	-2.87865021345647	4.76819129707358	-6.81097030523372	5.0372119339745e-06	0.000828899447897411	4.35175607833123	6.63870571981127	6.35205713048366	4.01292633638268	2.9216945164674	3.91557278222291
DPP7	-2.61533111798297	8.8856182748502	-6.80953816731171	5.04972981245648e-06	0.000828899447897411	4.34931273213912	10.5210846053954	10.3885492858846	8.1647488444261	7.56280556647416	7.79090307207079
lincRNA:chr1:187371202-187450127_F	2.85300362830958	5.38039656212428	6.79773129687542	5.15417749240595e-06	0.000839536218474585	4.32915772268015	3.28724463255812	4.04994413771894	6.96311147556643	6.03520892405266	6.56647364072523
ENST00000390237	2.75853492608548	6.66318076044791	6.78212845551935	5.29568128125952e-06	0.00085600039031046	4.30249128397607	5.2949774117122	4.72114219788105	8.05172297625393	7.27820773677911	7.96985347961327
LY6H	-3.45819836785999	7.63763896071399	-6.77738574997862	5.33949356735237e-06	0.000856543759762776	4.29437853606303	9.85283721702273	9.57227874583723	7.09276534241329	5.06323595442678	6.6070775438699
KLK12	-2.61656167511427	6.24994967395806	-6.76945027713435	5.4136493681585e-06	0.000861390247214314	4.28079691635266	7.98474121696615	7.6550321410871	4.8830663676288	5.26252168154487	5.4643869625634
CBFA2T3	-2.53732331493901	8.12111387495798	-6.76548945465383	5.45106461047075e-06	0.000861390247214314	4.27401447039639	9.71981752348106	9.56719820436172	7.03657056945293	6.98686249866263	7.29512057883155
LOC145837	-2.53084644053968	9.29965660804705	-6.73727133638572	5.72556732604131e-06	0.000891904837316304	4.22562738052496	10.9628772055604	10.6734517391813	8.26385966174533	8.17216347156581	8.42593096218241
IRX1	-5.92053273148891	11.8318833765393	-6.7369866818175	5.72840887249197e-06	0.000891904837316304	4.2251386710018	15.4766179756996	15.2917880551656	11.0851083660055	6.67621991283826	10.6296825729873
SDPR	2.52258932586468	7.42805545642587	6.71668228734	5.93494637229254e-06	0.000917317441118939	4.19024826893472	5.98036135406159	5.84864236775254	8.46476769148203	8.60213834202068	8.24436752681253
CALB1	2.69760944632429	10.4475722770935	6.69626640173581	6.15047617564631e-06	0.000943741543618193	4.1551050796468	8.77755360252464	8.88045961607315	11.3675255147164	12.0667271599192	11.1455954922339
lincRNA:chr6:22144105-22144213_R	-2.59305321637141	6.23781100449301	-6.62625640795561	6.95379305331336e-06	0.00105932782664684	4.03412637109103	7.84840424569459	7.73888162293712	4.87480012768142	5.10594102807995	5.62102799807197
THEM4	-2.51226630602125	7.02224240846349	-6.56681677692695	7.72172623843772e-06	0.0011679110935637	3.9308474409415	8.43711480849479	8.62208957565768	6.31100065692832	5.9839120369547	5.75709496428194
DNAJA4	2.59247099093341	9.91020098078328	6.46566554210932	9.2388011807179e-06	0.00138032776690089	3.75389944877576	8.20997926292731	8.49945750951917	11.3234623909494	10.4548967450038	11.0632089955167
HMGCS2	2.41799573128173	8.86120370433225	6.46070353040804	9.32079174677245e-06	0.00138032776690089	3.74518056854523	7.42044414183168	7.40036838929474	9.94170978153851	9.90623388494708	9.63726232404924
TDO2	2.73927247911064	8.02932469481553	6.4606491797269	9.32169401023976e-06	0.00138032776690089	3.74508504756266	6.38871374990986	6.38280866478844	9.29005141938629	9.65517123812124	8.42987840187183
LOC100128420	-2.51031969762652	4.85368740563592	-6.44807496369286	9.53290486115374e-06	0.00140159909753086	3.72297430522959	6.11254877252479	6.60720967589887	3.53722386582556	4.00572735696518	4.00572735696518
HLA-DQA2	-2.50110756127793	7.27534394026648	-6.44210039541784	9.63500445065565e-06	0.00140159909753086	3.7124603907994	8.69387571393717	8.8581412401293	6.63370492362113	5.94274816340461	6.24824966024018
FLJ45831	-2.41744032274198	7.80616960691009	-6.44042044310135	9.66391821674171e-06	0.00140159909753086	3.70950310559829	9.12790422823339	9.38536337287716	6.92545768229534	6.91118725552378	6.68093549562078
TRH	-2.42282576327524	7.38725533366165	-6.42507288097023	9.93229459326296e-06	0.00143072338783907	3.68246706029396	8.84361540510459	8.83828617814899	6.65559656559495	6.37152474610405	6.22725377335567
ZNF585B	2.52027616748852	6.61323985563124	6.36228043820954	1.1113948237364e-05	0.00159012063463637	3.57149385208117	5.00716620195263	5.19498210832362	8.10328577981563	7.34982255302442	7.41094263503988
TMEM35	2.40914069164795	8.91595878227321	6.22200057406065	1.43146691225714e-05	0.00203431623268758	3.32149974192124	7.64861995979385	7.29232877477503	9.83387959126584	10.1954061201165	9.60955946541486
RAG1	2.36353296546854	8.0708214085442	6.21244353537983	1.4565058809715e-05	0.00205610080197143	3.30436401673958	6.44386860415233	6.86153465437382	9.18407190944718	8.8524771435704	9.01215473117726
BF846222	-3.32415468811098	5.40711448702423	-6.16048070038522	1.60086304659805e-05	0.00224491887494793	3.21096361963019	8.58204406806844	6.2211705317132	3.86255466999521	4.19693936678478	4.17286379855954
SCHIP1	-3.77448347171665	8.6607427318318	-6.14392027295767	1.64993928396345e-05	0.00229851739065303	3.18111519347042	11.0070841415545	10.8437814881691	6.7860463450988	8.78982724574689	5.87697443858974
A_33_P3214570	-2.99616033880196	5.26596467931514	-6.13871038424886	1.66570051578384e-05	0.00230530773998188	3.17171674165419	6.1383791269327	7.98894263825994	4.21439203396556	3.73875722317585	4.24935237424166
GAST	-2.33578325269184	11.1843897495553	-6.13003798258441	1.69228530863291e-05	0.00232689229937025	3.15606336901488	12.5915444758958	12.5801749264449	10.0442599268889	10.1445221171804	10.5614473013663
LINC00113	2.51871772467635	6.41239088825428	6.11899234692579	1.72678614839947e-05	0.0023590126898296	3.1361107164786	4.61423086482337	5.18808964207357	7.84372967967212	6.92004302557343	7.49586122912889
DKFZp686K1684	-2.48383263576661	7.80109936964158	-6.11456998584134	1.74080385605965e-05	0.00236291805461942	3.12811731603996	9.35419204832301	9.22860585388009	7.32491078523194	6.31589141146241	6.78189674931046
SOX6	-2.48609965574174	8.20314131497877	-6.10586666593408	1.76873812020577e-05	0.00238554329269791	3.11237788655767	9.75514987916273	9.63445233768489	7.12273812917612	7.75858278650493	6.74478344236516
LOC100289200	-3.0493943847799	5.29986205973487	-6.09008150420943	1.82059928005329e-05	0.00243994871867902	3.08380360517776	7.70631635823292	6.5526810229727	3.97738937832553	3.28724463255812	4.97567890658507
LOC100130887	-2.46181993203524	8.19868651306903	-6.08523124751872	1.83685044308148e-05	0.00244624579448115	3.07501649239682	9.825187188591	9.52636975598934	7.24415881803287	7.67160973810146	6.72610706463047
OR51E1	-2.39763715852529	5.77202702038492	-6.06950708686488	1.89058145647632e-05	0.00248922102480452	3.04650614965925	7.233753768208	7.1874648627922	5.25503936065271	4.42224680730793	4.76163030296378
SLIT2	-2.34308498888138	6.1438881094221	-6.06801325057655	1.89577042018677e-05	0.00248922102480452	3.04379574970121	7.53881852086286	7.56065968463899	4.95802163316796	5.07596478328971	5.58597592515097
C11orf41	-2.27157366162538	5.6412830834371	-6.06554221274863	1.90438633302636e-05	0.00248922102480452	3.03931162451659	7.01670888461992	6.99174567620475	4.8959081738055	4.55430333106183	4.74774935149352
IGSF21	-2.69308277307124	11.1981210746441	-6.05497820118525	1.9416825199285e-05	0.00252240045150221	3.02013154291796	12.8446306166773	12.7833108602963	10.661285720397	9.26492607569209	10.4364521001576
SYK	-2.32044412870759	6.06083072545726	-6.04930067834874	1.962040220705e-05	0.0025333049800871	3.00981680211719	7.4122319171449	7.49396248821872	4.8569652080858	5.08433137964951	5.45666263418736
ENST00000396843	-2.88166354538057	6.00469816471727	-6.02285209141042	2.05984502289521e-05	0.00264346777938219	2.96170515307277	8.08495483755035	7.38243774634087	3.93423039370938	5.00083984791376	5.62102799807197
RGS5	2.33140197093253	9.90346825817484	5.9969841307511	2.16041676550572e-05	0.00275583283190263	2.91455318901386	8.39102197904918	8.61823217218147	11.1217130547531	10.4560186983492	10.9303553865413
FBXO15	-2.34283193996024	7.23493988471737	-5.984051870914	2.21259806959681e-05	0.00280549485770734	2.89094463670606	8.64408439159331	8.63719370579372	6.69318660249428	6.28177886467589	5.91845585902967
lincRNA:chr5:126370776-126381926_R	2.43711395343639	7.03407826179421	5.97811428728918	2.23699349693856e-05	0.00281954388676632	2.8800972902218	5.2949774117122	5.84864236775254	8.40118759612816	7.53364864406067	8.09193528931746
A_33_P3406090	-2.5188674272648	8.00864674711088	-5.9592713433981	2.31628171152129e-05	0.00290220504387357	2.84564006292339	9.41981136705115	9.62012303988837	7.37034388604114	6.29381432582345	7.33914111675028
HGD	2.53858328795638	9.96627623874285	5.95424019832957	2.33794242838329e-05	0.00291036541989859	2.83643132485936	8.482020652202	8.40423187973604	10.6496863914161	11.7222989893162	10.5731432810438
ODZ1	2.4100781759613	9.55006721476913	5.95139540776182	2.35028329068552e-05	0.00291036541989859	2.83122278622391	7.77432155008359	8.43371906830111	10.7103420430713	10.0813953047733	10.7505581076164
PRDM5	-2.23824990076873	6.19680116902975	-5.94398294594657	2.38275816581645e-05	0.00293342466053275	2.8176458987905	7.66276355598071	7.41673866300126	5.43707057721949	5.11176227867386	5.35567077027343
NOS2	4.78780978250768	9.15303374946475	5.93437120939038	2.42556441657089e-05	0.00296886280467565	2.8000291817793	6.21525015739189	6.3454456025284	9.93944056622774	13.5826233208802	9.6824091002955
lincRNA:chr8:16368860-16425111_R	2.41614541675046	5.69921369565863	5.92415739810541	2.47192917066804e-05	0.00300822414878711	2.78129465624706	4.53976284792	3.95929004329671	7.06475112705683	6.20615739538916	6.72610706463047
TPM2	2.30162117660461	10.864364560674	5.91966482393416	2.49261368870612e-05	0.0030090477680323	2.77304955827251	9.48667317155107	9.48011053787133	11.5959694169882	12.2018562414907	11.5572134354686
LOC285141	-2.22517606251182	9.50327877986988	-5.91784863228238	2.50102671628658e-05	0.0030090477680323	2.76971554343512	10.8762365948975	10.8005322398564	8.58878445705756	8.82060884878794	8.43023175874995
lincRNA:chr3:165198855-165244262_R	2.28515894383362	6.01358286555003	5.87915300147178	2.68746421320247e-05	0.00321508783698092	2.69857092109827	4.62404185899433	4.66093313950539	7.23602053936717	6.53226972310827	7.01464906677497
ZSCAN1	2.2403358672306	8.20268309493623	5.85542357000439	2.8088860522017e-05	0.00334146978400961	2.65483867999657	6.86951256378282	6.84745058541291	8.86450590178472	9.0036722159606	9.42827420774008
lincRNA:chr3:156503913-156504373_R	-2.17024075214318	7.03718266952637	-5.82562820115453	2.96946577571879e-05	0.00351276188831539	2.59981564706283	8.3445371392586	8.33411710236595	6.08842613040246	6.10480220098452	6.31403077462032
MAGEA8	2.23295895413295	11.3932461551184	5.8146570620383	3.03097071184052e-05	0.00356560026795683	2.57952407783452	10.0312345724139	10.0757069928632	12.5939727168581	11.9745941181546	12.2907223753019
POTEM	2.21262040806502	11.3571340307902	5.80775051700535	3.07036659787251e-05	0.00359198965248345	2.56674154827568	10.0838180834841	9.97530548841833	12.5256054376512	11.9926155686944	12.2083255757032
ASCL2	-2.7519761340307	13.2183944880275	-5.79445923890626	3.14768557205653e-05	0.00366221109825808	2.54212359576299	14.8433725925537	14.8957877443382	12.4067873782379	11.1030833475837	12.8429413774241
ENST00000342995	2.77172456625586	6.85469625235804	5.77885100108305	3.24107085612153e-05	0.00373202273498751	2.51318290576407	4.93414875466881	5.44917427054023	8.64123205779318	6.95301022329234	8.29591595549563
REC8	-2.19464684190764	11.2100069001573	-5.77854366441161	3.2429382915594e-05	0.00373202273498751	2.512612705325	12.5523390687277	12.501250941876	10.6029894863598	10.0928053492077	10.3006496546152
STEAP1	-2.29047541171459	6.0213110634235	-5.77164056499864	3.2851784972096e-05	0.00375290134389435	2.49980196980323	7.39796941196794	7.39322320893656	5.00246428080983	5.58229824719025	4.73060016821292
CLSTN2	-2.18742276153579	6.47749761132532	-5.76980159486158	3.29652727255891e-05	0.00375290134389435	2.49638810682014	7.58160995851826	7.99829257797534	5.74605524173608	5.58418053655073	5.47734974184621
PPARG	-2.16769124450237	5.03312992915157	-5.7536032415218	3.39826728021366e-05	0.00383093898709156	2.46629731182963	6.39875921949897	6.26873013220703	4.30705695852097	3.93423724293967	4.25686609259124
PLCB2	2.25286058188722	9.97850713461027	5.75313461981212	3.40125869928318e-05	0.00383093898709156	2.46542623990369	8.32257719104343	8.93100437991246	11.0175616991468	10.6009445141208	11.0204478888278
COLEC11	2.72254501322068	10.2398148109449	5.74235587374324	3.47082400487681e-05	0.00388848720651855	2.44538240070654	8.69088832249076	8.52168728353433	10.8081387783316	12.365393122679	10.8129665476891
MEP1A	2.25026752982702	8.27137333526083	5.73731137486501	3.50388663397132e-05	0.00388848720651855	2.43599630297625	7.29182009603203	6.55060553869722	9.32586924039646	9.08237432827845	9.10619747290002
FGF7	-2.1689593009707	6.51443124352046	-5.7367717104093	3.50744300564365e-05	0.00388848720651855	2.43499196354351	7.93871017614874	7.69290347205702	5.83758942969692	5.44170988412023	5.66124325557941
A_33_P3278684	2.41030469162905	7.89784318604716	5.72785961941484	3.56671831160352e-05	0.00390506897314414	2.41840037736381	6.29611106624058	6.60720967589887	9.15215097365776	8.18448074824736	9.24926346619121
UNC93A	2.79951336198188	6.69703810222236	5.72435195729909	3.59033243989471e-05	0.00390506897314414	2.41186719129262	5.04715778979936	4.9875023802671	7.67539549900691	8.85216962424514	6.92296521779327
MAGEA9	2.12205441895325	6.09482545957015	5.72276792466555	3.60104952211609e-05	0.00390506897314414	2.40891630219872	4.78561009911335	4.85757551728305	6.89893461763702	7.00031061596723	6.9316964478501
ENST00000547786	3.09246597120592	4.35676384397082	5.72234466383095	3.60391879318392e-05	0.00390506897314414	2.40812775270412	2.8856676270737	2.11690089542084	6.40978291254626	4.29730970609656	6.07415807871674
SLC28A2	4.06333752676017	7.9676342999676	5.72077072613397	3.61460929745574e-05	0.00390506897314414	2.40519523696407	5.47194875627099	5.58731481155201	8.623988245309	11.7200230136931	8.43489667301288
NRXN1	-2.46613349480177	7.09025461668819	-5.71520246840614	3.65269494952818e-05	0.00392618353077458	2.39481789087558	8.61929053114987	8.52057889598862	6.56071883771177	5.33100199586551	6.41968282272516
Q2I700	2.12132507072184	6.62186040491308	5.71135067085657	3.67928388462532e-05	0.00393478970994653	2.38763695820862	5.32027768170212	5.37785304325783	7.41195905493595	7.56890804323062	7.43030420143886
lincRNA:chr4:79623626-79634676_R	-2.87321627254822	5.86465645938975	-5.69865609142917	3.76834520141004e-05	0.00400978440401294	2.36395598748296	6.90270747431197	8.27446497152538	3.93423039370938	5.50299852327222	4.70888093412979
LOC283484	-2.29873407200476	4.71503696057275	-5.67656890489343	3.92867306308873e-05	0.00415948260554519	2.32270120050355	6.04069812541296	6.14785668213825	4.27951149436526	3.28724463255812	3.81987386838915
CUZD1	-2.69135200259329	5.26003776420035	-5.6720497534826	3.96234007407989e-05	0.00417326319435245	2.31425206532204	7.74525935957456	6.00443857193809	4.45948582878553	4.00572735696518	4.08527770373839
FLJ43390	-2.58723026077506	6.81778062094778	-5.66954806425912	3.98110585718628e-05	0.00417326319435245	2.3095736403324	8.33182329496692	8.40841425985871	6.47049295926007	4.88807146403348	5.99010112661971
DENND2D	-2.51970836462706	6.10419286752348	-5.6644272648965	4.01980629552632e-05	0.00419307380826452	2.29999454690512	7.54628036479996	7.68575540779948	4.70888093412979	5.95794918643418	4.62209844445401
SCN10A	-2.13906253288922	5.62569152972524	-5.63113652561748	4.28110363009191e-05	0.00444374359643118	2.23763334160986	6.71938769221446	7.09887040670309	4.92946482556232	4.58123062256529	4.79950410158104
DCLK2	-2.24558817393551	6.596247957114	-5.62045120743182	4.36865770987179e-05	0.00451250375641634	2.21758551074371	8.02879011371266	7.85841160923796	6.10467904249728	5.21572834204389	5.77363067807821
POM121L2	-2.23187269822102	5.3214641715679	-5.61628927864484	4.40326059316308e-05	0.00452616713884603	2.2097727197023	6.90270747431197	6.41846810668905	4.12420582329168	4.83608973672203	4.32584971682476
FAM19A5	-2.26664219809198	6.27708035809392	-5.6111084064692	4.44673257951136e-05	0.00454877112904121	2.20004390458447	7.7036617850164	7.57046956888181	5.75719139392507	4.82295577211294	5.53112327053337
ARAP3	2.88161460339488	8.56665806289598	5.59026560555118	4.62616757914715e-05	0.00470957204271351	2.16086814631921	7.01651849711556	6.65886010460254	9.16355055156663	10.9608622778285	9.03349888336664
ENC1	2.11373545193121	8.31464438068413	5.5855594741593	4.66771137357593e-05	0.0047291286284914	2.15201452181442	7.23225777718189	6.86054844186892	9.31468363467011	9.14941864854999	9.01631340114974
ZNF501	2.09895421774824	5.94329213681719	5.56877915881307	4.81901588152748e-05	0.0048419568260942	2.12042167588084	4.82947165545648	4.53836755688001	6.89154720401672	6.85598128797179	6.60109297976095
JAM3	-2.63479791512372	5.89197701575751	-5.56814779210154	4.82480703804428e-05	0.0048419568260942	2.1192322471564	7.40092323818312	7.54478829148037	5.81628181929569	4.06256192896023	4.63532980086815
C7orf29	2.07290929089208	9.84299295665855	5.56464799208566	4.85703971912009e-05	0.00485131207794188	2.11263802660217	8.56809478898363	8.63039997526296	10.5389084967468	10.70095895179	10.7766025705093
NIPA1	-2.4765287454317	9.60529565822088	-5.51130751383844	5.37688488498795e-05	0.00534533039622629	2.0119341137337	11.0095864627457	11.1728393482141	9.18013470336559	7.73648138073309	8.92743639604592
LOC644366	-2.21363558507178	7.09110482650749	-5.50318030876189	5.46101347095874e-05	0.00540359627325006	1.99655737318594	8.43403567884363	8.40453667625749	6.60469709563976	5.67509683106068	6.33715785073591
HGC6.3	2.11832194423278	6.4224602092163	5.49936406673853	5.50098651991744e-05	0.00541486679317817	1.9893340128663	5.24761796320408	5.05531612214918	7.37034388604114	7.51605785689382	6.92296521779327
GC	-2.13718735077235	12.9036010946244	-5.4972228018212	5.52354770874373e-05	0.00541486679317817	1.98528020105903	14.1853128567944	14.1865141533812	12.4118216158201	11.6894592510648	12.0448975960614
ISL1	-2.37138701096833	12.9882231111729	-5.49253499938188	5.57327540039843e-05	0.00543843809232428	1.97640321930335	14.4355951297113	14.3865155057966	12.475166074078	11.2611857624411	12.3826530838376
lincRNA:chr7:22610674-22610775_F	2.12975097537175	9.13584528273827	5.459995950097	5.93147554406168e-05	0.00576142177272963	1.91470688189199	7.93961000873104	7.7763793862994	10.2304342364119	9.56818664432101	10.164616137928
SH2D4A	-2.05227152477018	4.92946156402906	-5.45152649953583	6.0285638721942e-05	0.00582898812756677	1.89862555244343	6.04069812541296	6.28095083236938	4.15562120762783	3.92068528049349	4.24935237424166
ASGR2	2.01040759687114	12.9058690295959	5.40888648057906	6.54296379298784e-05	0.00628364660355179	1.81752184671702	11.6490547526841	11.7501941902623	13.6402960808702	13.8065570148054	13.6832431093574
NDNF	-2.01094665386409	5.30822782521052	-5.4059995794131	6.5793926156069e-05	0.00628364660355179	1.81202232372355	6.56519610614175	6.46439552891619	4.4971513034072	4.40979260751334	4.60460358007409
lincRNA:chr5:27727218-28046018_R	-2.12122000796397	5.15132183065189	-5.40344719712813	6.61177506667635e-05	0.00628364660355179	1.80715916491073	6.72452443943607	6.12358323142448	4.08527770373839	4.23232159232103	4.59090218633949
EFCAB6	-2.0204289937092	5.81879944340522	-5.40299820654801	6.6174885128314e-05	0.00628364660355179	1.80630359822105	7.1437895117414	6.91832416752008	5.13764401467736	4.91856061650219	4.97567890658507
PLA2G12B	2.02383892224714	7.82862913873176	5.3916164724584	6.76404125225593e-05	0.00638699230691653	1.78460668839069	6.65898757833464	6.56966399243232	8.4284382022878	8.72032326625179	8.76573265435226
A_33_P3370692	-2.46019040618985	5.47314028478853	-5.38988330710659	6.78665062128085e-05	0.00638699230691653	1.78130131363196	7.75065237486663	6.14785668213825	4.63485709549347	4.36700643080117	4.46532884064313
VASH2	2.00239262726919	10.3542766463363	5.3814164167079	6.89823168736003e-05	0.00646327681326764	1.76514831886641	9.22886397421154	9.07681816573804	11.0587026171749	11.2105905350028	11.1964079395542
ANXA13	2.05706154930277	10.1163015498098	5.3717571606346	7.02784728401681e-05	0.00654739832220138	1.74670937999711	8.71363466310703	9.05049457734931	10.9040370499338	11.2004530397415	10.7128884189175
KCNMA1	-2.04113027865919	6.79446350933404	-5.37013540519022	7.04985510017434e-05	0.00654739832220138	1.74361238148029	8.04336098555695	7.99492236750216	6.26002387114768	5.74576908636473	5.92824123609868
TRDN	2.23947103156844	5.83634622847669	5.34539602033252	7.39455894768978e-05	0.00683754522783105	1.69632722587829	3.93001109692208	5.05531612214918	6.60469709563976	6.96207869861273	6.62962812905971
lincRNA:chr3:156478565-156479234_R	-1.99697669471346	5.24034242534026	-5.33913911249507	7.48447017400843e-05	0.0068905937362882	1.68435593305746	6.56027645063835	6.31678043369831	4.33991182061652	4.55244403235156	4.43229938939654
ITGB6	1.99560376058973	6.71634791677821	5.31595011344408	7.82767322790843e-05	0.00715447619263971	1.63994562539601	5.3405873093937	5.69738401145506	7.53592618027463	7.56351124540255	7.44433083736512
lincRNA:chr8:115307955-115308253_R	2.04294386119154	6.5113982004742	5.31522455874214	7.8386704920539e-05	0.00715447619263971	1.63855499367209	5.4671941400132	5.10406962750537	7.46859400113269	7.03244791980342	7.48468531391634
TF	2.57187882851151	11.1504549416723	5.30410750856757	8.0091839279576e-05	0.00727873260405589	1.61723930739208	9.62914009217916	9.58551519695158	11.7864996880178	13.2658291219832	11.4852906092297
FRG1B	2.02740721242543	11.3419564805744	5.29446309358999	8.1602152951523e-05	0.0073842973878141	1.59873473760219	10.0188594528513	10.232164853387	11.9526797868961	12.4702970540621	12.0357812556756
lincRNA:chr14:92223102-92223962_R	-2.04801907791603	4.52992604478881	-5.28506512065137	8.31022069011953e-05	0.00748803928141621	1.58069187861872	5.72745541916155	5.7900195639153	4.05227529825795	3.35859574115227	3.72128420145696
PCDHGB1	1.97100423380959	7.49526100629969	5.27013626777972	8.55439247400898e-05	0.00767539239987882	1.55200795148705	6.23280197118113	6.39251496084675	8.2398433829289	8.1708620146143	8.44028270192738
CNR1	-2.48819139873872	5.69010388119811	-5.266180108298	8.6203326885808e-05	0.00770192171648517	1.54440206709455	7.28696425374417	7.07907318713852	5.33321337730881	3.68120222064046	5.07006636715861
LEF1	2.08298184799694	6.74110216378677	5.26114342468866	8.70504355959769e-05	0.00774492846111265	1.53471603680546	5.73299971659332	5.24962639338388	7.65361385048145	7.8800023927264	7.18926846574877
ANKRD18A	-2.28034115602379	6.44844250479902	-5.25230250384772	8.85582320889917e-05	0.00784611114847029	1.51770654041638	7.49257475782933	8.14071963899726	5.44799441408071	6.18524480650275	4.97567890658507
DMRTA2	2.07544368674961	5.6052633728222	5.24811678395737	8.92814828820731e-05	0.00787723083344957	1.50965007286785	4.03194973924564	4.68804458229922	6.43464116985655	6.70317276269488	6.16850861001469
MAGEB16	2.47747468220842	5.38409470791421	5.24494530877288	8.98335441212219e-05	0.00789305102392894	1.50354434317383	3.93001109692208	3.86520870025622	6.99930413741827	5.35285904909404	6.77309055588043
A_33_P3331351	-2.3833687247435	4.36468657047145	-5.22960494639097	9.25540671832374e-05	0.00809848087853328	1.47399368469418	4.99115211877386	6.59826349186124	3.3133610780656	3.41822073512892	3.50243542852763
B4GALNT1	1.94281240554832	6.54038960423574	5.21979874716803	9.43376002794421e-05	0.0081978956171537	1.45508864017399	5.29312523830755	5.45627908350594	7.28778640710893	7.41135105047909	7.25340624177717
A2M	2.60620876854311	9.19019382585697	5.21908756668079	9.44683212088952e-05	0.0081978956171537	1.45371712441131	7.69622216838191	7.5567149610803	9.70337043388918	11.4060631181326	9.58859844780085
PPAPDC1A	2.38894703788467	7.59721452829706	5.21602756847125	9.50329122547126e-05	0.0081978956171537	1.44781519952932	5.85622250767575	6.47147010345676	9.23160878456196	7.73011144526503	8.69665980052578
PDGFRA	2.19972653939494	7.34037009165932	5.21491617108272	9.52388345605577e-05	0.0081978956171537	1.44567132758187	5.98785171423819	6.05321662180652	8.20967471869982	8.83999072006215	7.61111668348993
CD109	2.10438936696641	8.79403617887354	5.20214164262505	9.76390878116976e-05	0.00837047645511213	1.42101868105879	7.49897182009283	7.56383329729457	10.1267718430527	9.13651713434905	9.64408679957858
FGF18	-1.95909380052392	6.75239103745275	-5.19472216844395	9.9061753279559e-05	0.00845085490256614	1.40669132279895	8.13654478847286	7.71914984706135	6.03367929285629	5.96923196307615	5.90334929579711
UBQLNL	2.21572709451113	6.87744338048775	5.19287881646332	9.94185195937199e-05	0.00845085490256614	1.40313069392938	6.04069812541296	5.05531612214918	8.20967471869982	7.69920599555375	7.38232194062303
lincRNA:chr2:111965352-112252622_F	2.16707742525348	6.57867579046087	5.18893185937904	0.000100186890602589	0.00845085490256614	1.39550535556182	5.54939604080021	5.00746262981736	6.99930413741827	8.01991765603036	7.31729848823816
LOC100131366	-2.11129719390837	6.68469075533798	-5.18871288315761	0.000100229698740345	0.00845085490256614	1.39508224882388	7.5640192706115	8.3389188727545	5.53724250816963	5.77903616068276	6.20423696447148
ADAMTS5	-2.19658270748132	8.94804018344428	-5.18493868894949	0.000100970499297838	0.00845085490256614	1.38778883082029	10.2504948791966	10.2814847366696	8.55157452643213	7.36094724334994	8.29569953157319
B3GAT1	-2.3316576562588	9.27207843948842	-5.18067032480233	0.000101815111165916	0.00845085490256614	1.37953839845061	10.6202490137887	10.7218970526988	8.94954619018267	7.46405486798695	8.60464507278508
C20orf103	-2.61270273571882	7.83463901038373	-5.1783750077746	0.000102272314473487	0.00845085490256614	1.37510081791343	9.61427580887709	9.19024549475296	7.48000300943337	5.61578381835252	7.27288692050273
CHST8	-1.96976328628768	10.3314103597257	-5.17753170255615	0.000102440824058665	0.00845085490256614	1.37347028132691	11.6104031984038	11.4161334645928	9.82681923546953	9.36405816539944	9.439637734763
CNTN1	-1.97481428680879	5.34057636987657	-5.17630186845444	0.000102687083955481	0.00845085490256614	1.37109223592153	6.52626987713648	6.5246600067872	4.63176474658452	4.23869371936236	4.78149349951228
ENST00000409910	-2.36793637006446	4.85958043974172	-5.17386612990327	0.000103176617515149	0.00845085490256614	1.36638188249951	6.99814581837811	5.56253870518267	3.73585964103047	3.63685075540397	4.36450727871336
C5orf63	2.02462232884998	9.58049323374265	5.1731444460609	0.000103322123346912	0.00845085490256614	1.36498611793183	8.70215387633292	8.0292857965324	10.4083447403209	10.5705572635896	10.1921244919375
SHC4	2.25560154589589	9.65174315099178	5.17292788061548	0.000103365828560313	0.00845085490256614	1.36456725981793	8.29665351736847	8.30011092954003	10.9912313374787	9.74510535182037	10.9256146187513
PPIL6	-1.94933366039118	7.70054012007037	-5.16838913483047	0.000104286200115859	0.00849330879789738	1.35578760681155	8.80906565840513	8.93121497420502	7.15797478606132	6.84822016431445	6.75622501736593
WSCD1	-2.14192346133783	5.22547928356219	-5.16634065322429	0.000104704359863526	0.00849469279735691	1.35182426303053	6.54979661727302	6.47147010345676	4.77482828284521	4.61001721277902	3.72128420145696
GLS	-1.91583323782905	12.3522686692367	-5.15974733491908	0.000106062052677509	0.00857199986811551	1.33906430662209	13.4407562787381	13.5627809451302	11.6387893449959	11.5200686041998	11.5989481731196
ZNF595	2.05998456484209	7.87015817441778	5.13262662185198	0.000111840654405	0.00900466105333034	1.28652377828202	6.46892754712086	6.79940732390419	8.99670264402004	8.8986847021783	8.1870686548655
SLC27A6	2.00558622818791	7.38870844519016	5.12719055829396	0.000113037476801669	0.00906654761846721	1.27598214094733	6.32298829703618	6.04772511951865	8.10223758034423	8.58587083987045	7.88472038918131
CECR5-AS1	-1.93136121821306	9.58849201484726	-5.12065854930589	0.000114493083999495	0.00914864548562005	1.26331065450116	10.8609282154269	10.6336892761233	8.83969833347065	8.61768348309739	8.99046076611806
LOC100133957	-1.97952407104803	5.56066402315281	-5.117355262946	0.00011523654445386	0.00917343544665595	1.25690068541634	7.04391459633008	6.45284233523318	4.93098526028495	4.78467573757635	4.59090218633949
APOC2	2.83396398700449	9.42113145103762	5.11101364571289	0.000116677823285658	0.00922489881306566	1.24459131462009	7.63308509313879	7.80842102453106	9.89002811728355	12.0006796025582	9.77344341767654
USP9Y	-1.92998648975675	5.01818122015795	-5.11067929035759	0.000116754327362531	0.00922489881306566	1.24394218523287	6.28713377920166	6.06521244882235	4.39511924029579	4.02206816258544	4.32137246988453
SLC24A3	-2.39509188633206	8.80544732987041	-5.1060284814357	0.000117823864038304	0.00927479673238323	1.23491158831028	10.1472627064444	10.3377422168949	8.41204380117407	6.84348220051566	8.28670572432302
S100A6	1.914166074373	12.5067266311649	5.0831718945721	0.00012322893633564	0.00959866603259171	1.19049386108485	11.3483304005168	11.3681235725655	13.0651174249897	13.2685488928204	13.4835128649323
VAT1L	-2.05576038945829	4.76005451366764	-5.08304345367939	0.000123260021860687	0.00959866603259171	1.19024408824025	6.1383791269327	5.84864236775254	4.45948582878553	3.5338913764783	3.81987386838915
OR2T10	-2.27333133543209	4.34948334480874	-5.08288618662593	0.000123298094964106	0.00959866603259171	1.18993825595313	5.01922811352418	6.4077361786118	3.13293528723429	3.41822073512892	3.7692964095445
LOC100505585	1.9916372214576	7.50846757915896	5.07207318148878	0.000125945135112797	0.00976882137733871	1.16890371810122	6.25284903667162	6.37412145589719	8.54096129271903	7.85066610691634	8.52374000359064
PGAM2	1.88237302358567	11.1361358675665	5.06249142665124	0.000128339720381897	0.00991822474119226	1.15025311673796	10.0300814580069	9.98334264882337	11.7800596487696	11.9046191411678	11.982576441065
ENST00000399966	1.88508504148677	7.17587250276939	5.05421317471438	0.000130446327952286	0.010044367252326	1.13413129495557	6.08520438381656	6.00443857193809	8.08103573800369	7.8656552310067	7.8430285890819
TMEM190	-1.94356265503941	12.9459448143241	-5.03313529071883	0.000135972570480805	0.0104319535504748	1.09304713888392	13.96131813643	14.2628466782654	12.2021158602877	11.8549869206424	12.4484564759949
lincRNA:chr10:67332969-67346819_F	1.88644647019494	7.95962030913095	5.02578282282356	0.000137956547330933	0.0105313193880339	1.0787041915892	7.00713611186672	6.64836874216126	8.67141744322818	8.69257150754574	8.77860774085285
IFT27	-2.04236279679201	9.02630284145006	-5.02465897665236	0.000138262422190008	0.0105313193880339	1.07651129418177	10.3482943056107	10.1551467334398	8.27799665365586	7.67703291531483	8.67304359922909
PTGER4	-2.34951369527407	8.11625598509283	-5.0120537766998	0.00014174141785893	0.0107280927640886	1.05190577387464	9.61433895134023	9.43758945317432	8.01011101157586	6.27253424151075	7.24670626786301
C17orf57	1.91237722442468	4.55592699342731	5.01127742517775	0.000141958615096271	0.0107280927640886	1.05038974379317	3.38334968982799	3.43365162771701	5.1952776983914	5.64226092815596	5.12509502304418
lincRNA:chr18:37236595-37243620_R	2.0285983100462	7.07648174170676	5.00982556650429	0.000142365717436076	0.0107280927640886	1.04755442808344	5.84068507705985	5.87796043429824	7.75822838565065	8.43886932000408	7.46666549152101
MAGEB2	1.95446537273542	8.38097747753663	5.00648780567234	0.000143306195936866	0.0107606691452593	1.04103526693225	7.40605971937461	7.01053678841614	9.52562719152465	9.04639534128872	8.91626834707901
MOXD1	-2.02256432711697	6.54190358102677	-5.00318724088037	0.000144242489129366	0.0107793436158423	1.03458753451376	7.51718336393985	7.99370099065405	5.41908343601923	5.55269294833976	6.22685716618097
A_33_P3213518	-2.3975204580078	7.57820025771459	-5.00202736034479	0.000144573014729597	0.0107793436158423	1.03232139216468	9.07380892466628	8.95961614037225	7.10170249414945	5.55269294833976	7.20318078104519
A_33_P3210857	1.94646057539926	7.70716802532225	4.99199721303825	0.000147464009250632	0.0109243934909778	1.01271853702908	6.69162973767189	6.3869536224935	8.71676089114662	8.095542401662	8.64495347363724
HOXA5	-1.93342664692981	9.63718467006477	-4.99170112647823	0.000147550249748272	0.0109243934909778	1.01213969790735	10.7950064542408	10.7994748622045	8.97007833799461	8.47665232960713	9.1447113662768
DEFA6	1.86112423226892	8.15921857347355	4.97523047621149	0.000152430375534229	0.0112463874631962	0.97992489799081	7.10198382020401	6.98310424802038	8.73468201034032	9.02803151895523	8.94829126984781
MAGI2-IT1	-2.11797604101286	6.12722691678685	-4.97262159424426	0.000153218485095829	0.0112652827149451	0.974819470263432	7.47320468409029	7.32282039869884	5.73497252045379	4.55244403235156	5.55269294833976
HDX	-1.93269086995406	5.71914318083524	-4.96169866213312	0.000156563997645672	0.0114714278551803	0.953435846323203	6.86463795655975	6.89287744905561	5.2229973372185	5.08711687911008	4.52808628223229
FBN1	-2.18945490257206	5.28808152775177	-4.94930688196939	0.000160450616589224	0.0117156614009545	0.929160937015438	7.18469538007519	6.01881355851482	4.32257275503964	4.0127262157937	4.90159972933548
SLCO3A1	-1.84831730098933	7.39145218356902	-4.94291184104863	0.000162495113463968	0.0118241719161495	0.916626839079925	8.37266335503024	8.628221773295	6.55336160047753	6.65802450574106	6.7449896833013
AKT3	-2.59451598753523	8.12195333588316	-4.93963665119388	0.000163552558810466	0.0118603610712727	0.910205848963653	9.72499984185946	9.63232601494914	7.85252573232314	5.78254829558466	7.61736679469941
MAGI2-AS3	-2.17324010165857	7.7625324971007	-4.92859911964163	0.000167168650104268	0.012081215583474	0.888558328760067	9.07208851322933	9.06086460296235	7.48054762489444	6.07715207556756	7.12200966884983
TMEM132C	-2.02380555387193	5.1949984164222	-4.92520638120597	0.000168296628754706	0.0121213643329282	0.881901643051293	6.42087558653641	6.39768791095432	4.56120062740446	3.77683413277617	4.81839382443967
LMO1	-1.92955747441016	7.75423661860036	-4.91436537990744	0.000171953710026023	0.0122916384419405	0.860622928175913	9.02299149952881	8.80095070696409	7.25451853365837	6.5454196444998	7.14730270835071
IGFBP3	-2.0628399892421	12.3650834774987	-4.91402870656811	0.000172068583249632	0.0122916384419405	0.859961905249718	13.6270706419717	13.5785043001163	11.9304584785274	10.846798208126	11.8425857587522
CYP4V2	-2.04963854486251	4.72747847951172	-4.91305223945049	0.000172402201523321	0.0122916384419405	0.858044645893193	6.40914319216139	5.50538002069706	4.33193703654977	3.63685075540397	3.7540813927464
lincRNA:chrX:55936225-56241400_F	2.01947293973801	7.52619090156064	4.90830554518465	0.000174033457708138	0.0123663035804357	0.848723232972181	6.52720984957097	6.10180442586469	8.45501843871091	7.78118913930435	8.76573265435226
SERPINA11	1.96794244636821	7.15942122198211	4.90313484783025	0.000175828511378371	0.0124520693258763	0.838566456930312	5.7786565433675	6.17865496495486	8.42263715562872	7.59590752064676	7.82124992531269
LOC100131000	-1.93930826865759	7.84027384239914	-4.89948558384564	0.000177106844067497	0.0125007914104308	0.831396522869799	8.85106820972601	9.15664939746138	7.35704820733366	6.61143152384883	7.22517187362582
LOC339260	1.84109991923753	6.10887832399227	4.88883752142834	0.000180891783081065	0.0127255266004703	0.810467594802688	5.04715778979936	4.96127895510015	7.07558295085293	6.77943642858816	6.68093549562078
CCDC102B	1.98233727016871	8.32527821741393	4.8843730815194	0.000182503370242691	0.012796386969831	0.801689127228604	7.35305429985401	6.9186974107714	9.48307781462043	8.60528442702807	9.26627713479574
UBE2E2	-2.2027576633352	5.73383516503885	-4.86048828815378	0.000191379752251352	0.0133744760855524	0.754688947432611	7.18700619767223	6.92397332840772	5.73497252045379	4.23232159232103	4.59090218633949
ENST00000359193	-1.98002216582355	5.88603511397747	-4.85786984648302	0.000192379490905064	0.0134001174997195	0.749532816149577	6.85576805216818	7.29232877477503	5.5504958473294	4.61001721277902	5.12156568283572
CPXM1	1.82984966157058	9.45049896789546	4.8370698317259	0.000200514315062482	0.013897796132603	0.708549242093182	8.24882073959281	8.45635760231341	10.3855358752868	9.96148311680076	10.2002975054836
FAM26F	-2.05244874116423	5.99888482162421	-4.83626249254224	0.000200837101137026	0.013897796132603	0.706957599629857	7.34667889678931	7.11402923585619	5.49844661157906	4.46241029945388	5.57285906444261
LOC100506178	1.90073781086506	8.31458114523264	4.83385513280842	0.000201802773799135	0.0139191326879371	0.70221117608716	7.22377329130987	7.12450362611733	9.44181663570544	8.648134594713	9.13467757831755
SMOC2	-1.80850397957559	4.79870722536089	-4.81961506513845	0.000207613387731242	0.0142734204065229	0.674123013788673	5.7684423385936	5.99917688761887	4.06994343900327	4.22381907865282	3.93215438293586
LRRC61	1.79909920313432	8.95835719479159	4.81500644968646	0.000209530530639579	0.0143586051336346	0.665028257412624	7.90732456846765	7.85047077735435	9.84869400758961	9.56311261278973	9.62218400775662
HOXA4	-1.85884557295832	9.64850192880233	-4.8019362166305	0.000215067211248541	0.0146822294898733	0.639223554225605	10.7418360509778	10.7857824941769	9.26429433147386	8.5799916621675	8.87060510521565
LOC730159	-2.72012868081019	5.75105900235363	-4.80060423691569	0.000215639828635211	0.0146822294898733	0.636592854660828	7.84229909327177	6.92397332840772	3.68670286592764	4.26819149460566	6.03412822955538
RGN	1.80495383071442	11.1189660100382	4.79656916386594	0.000217384084154592	0.0147499969717885	0.628622388616487	10.01045190257	10.0615355206491	11.8718361565413	11.6239265404979	12.0270799299328
lincRNA:chr4:16239127-16289577_F	-1.82155263341288	9.72108215464946	-4.79508729519389	0.000218028290539305	0.0147499969717885	0.625694852611201	10.7344003089438	10.8936271604506	9.10017157100007	8.7104862713199	9.16672546153295
LOC284219	-2.08900794857955	8.20961837467095	-4.78179586498243	0.000223894846082613	0.0150986412923546	0.599426986927137	9.48545354734	9.44059274029736	7.0118349316226	8.18724543630152	6.92296521779327
MYO16	-2.16543418153279	7.68656695807249	-4.77311281621126	0.00022781470799673	0.0153142109264468	0.582257284176946	8.99460770556388	8.97704722842045	7.30737755603179	5.89920926339829	7.25459303694804
FAM133A	1.89788608554257	5.15406300758934	4.77024532708547	0.000229124629807415	0.0153535254309241	0.576585543093024	4.30645153632097	3.72421117620663	6.04363020023651	6.16294637902748	5.53307574615512
CADM2	-1.86171096361232	4.37143700363419	-4.76579767702666	0.000231171722376766	0.0154418335057666	0.56778674180898	5.35282324387669	5.62410391972648	3.99361284830513	3.28650485333396	3.6001401529287
TMEM130	-1.87831085745645	11.7240022742195	-4.75326087242143	0.000237043653223237	0.0157842747075536	0.542974806295552	12.8933660148722	12.8086115625146	11.2707337783775	10.4943385199624	11.1529614953708
APBB1IP	1.79049641252501	6.49190840358924	4.74976224674957	0.000238709502766307	0.0158453721663842	0.536047870288038	5.47880024092577	5.35642087122271	7.41783239205382	7.20278102909577	7.00370748464814
lincRNA:chr7:45019225-45026731_R	-1.85702423245855	7.24922878495857	-4.72537947873753	0.000250658009361874	0.0165489615626951	0.487739854143612	8.36206462923292	8.36482201963448	6.9474372854184	6.16294637902748	6.40887361147956
HOXA10	1.78536281237618	8.77925923252963	4.72495355959271	0.000250872097361281	0.0165489615626951	0.486895505688568	7.66256123709	7.75352185311785	9.58629196958804	9.2363733554029	9.65754774744937
PRPH2	-1.80900292889555	6.08115758858795	-4.7227475874202	0.000251983935103064	0.0165706826888428	0.482522079487901	7.07186314332709	7.26125554852347	5.52021960163231	5.03001066204735	5.52243898740954
SCGB2A1	-1.89317285825994	5.10929951022771	-4.71628259021997	0.000255271595669158	0.0167349103352768	0.469702328592064	6.34867133758784	6.14173511277949	3.8983925318523	4.81960862387996	4.33808994503894
GATM	-1.78723760922775	9.46196492942329	-4.70953908376766	0.000258747819746489	0.0169104477874441	0.456326128208781	10.5003809125874	10.5682340773325	8.84528367940073	8.93455746248858	8.46136851530726
SP140L	1.85623306748465	6.67749424886437	4.6907660699739	0.0002686832771656	0.0175057489045587	0.419066285047427	5.87346320845786	5.25404560828931	7.70656304564958	7.4298241786567	7.12357520326841
lincRNA:chr9:118241254-118292704_R	1.8429163442836	6.67948563316146	4.68812584246069	0.000270111664070997	0.017544829713814	0.413823465293324	5.54939604080021	5.5980756123824	7.65108930317569	6.95301022329234	7.64585698615666
CA8	-2.61825578889711	9.3475052131484	-4.68039034045665	0.000274341654078615	0.0177650902908705	0.398459044748279	10.9675400479605	10.8693773250128	9.0052132728885	6.82748430067277	9.06791111920739
TXNDC3	1.77139121799854	9.72960870389481	4.67439693278594	0.0002776656968151	0.017925521737987	0.386551050083077	8.74459621854111	8.58895172765027	10.6292882025851	10.1778765026938	10.5073308680037
ADCY1	-2.10077615937754	10.4668294425774	-4.6724387864577	0.000278760647386248	0.0179415097519873	0.382659801001136	11.7156471974484	11.7389430789595	10.1584289867187	8.73537684276508	9.98575110699552
lincRNA:chr3:177286803-177346072_R	1.91517586242435	5.32517153829566	4.66884421310859	0.000280782191066568	0.0180168572601048	0.375515721445014	3.93001109692208	4.42212094476002	6.53389798021781	5.58418053655073	6.15564713302767
GPX3	-1.96272085486292	10.5676999977399	-4.66223235038115	0.000284539973470465	0.018202821565671	0.362371841309947	11.8144769545741	11.6761880667413	10.2036091424621	9.08788039834215	10.05634542658
ADAMTS9	1.86269325413889	9.74881315785689	4.65936700006516	0.000286184446021288	0.0182528784472915	0.356674519329199	8.38215934265966	8.88023506808746	10.6127984554764	10.8062183566819	10.0626545663791
VENTXP1	-2.69062615510871	5.14671758300682	-4.65746926944319	0.000287278947325092	0.0182676627916181	0.352900758859518	7.12449864118977	6.39768791095432	3.0592024630903	5.53724250816963	3.61495639163006
PLG	2.21721863562244	10.2397971552499	4.63926105297855	0.000298001086012969	0.01889273352193	0.316676198010052	8.95247999499809	8.86645195275488	10.6627183065052	12.1852962937897	10.5320392282018
lincRNA:chr21:44785496-44786446_R	3.05240327737245	4.02849458341241	4.62927335548544	0.000304055850155342	0.019219052618028	0.296793584532544	2.79032585608147	1.6037793778964	4.65978621897708	4.07919400763594	7.00938745647114
CGA	-2.60949467901294	9.6498999182134	-4.61217316390183	0.000314716736209686	0.0198337109798813	0.262731812971239	11.2357845373278	11.1954089139145	9.60434214639854	7.13293030855845	9.08103368486767
C2orf40	-2.13185687556292	5.78076686908617	-4.60796128975563	0.000317400880306784	0.019891322440844	0.254338318326727	7.17091641606316	6.9488455727847	5.71205697576475	4.04605047995254	5.02596490086572
LOC645722	-1.87043265980947	11.3156003081053	-4.60779137131543	0.000317509656906979	0.019891322440844	0.253999669921669	12.5251626577516	12.3505571502303	10.9371411837436	9.99959849972644	10.7655420490744
LOC100506191	1.72077957137254	6.67888184706822	4.59125314080605	0.000328281823381854	0.020505509174368	0.221027067210431	5.69475259610701	5.5980756123824	7.49906902737464	7.17422011110971	7.42829188836737
SLC6A4	-1.74213688860869	6.86234182907775	-4.58909868087712	0.000329712435589881	0.0205342965400462	0.216729964730635	7.94230250286078	7.87294542162515	6.05656990170666	6.45487349162	5.98501782757617
C20orf195	-1.81745561946247	8.02442383080207	-4.58104354356345	0.000335118050440575	0.0208097499063906	0.200660404832189	9.27673897609097	8.95305542886814	7.75190784960534	6.98473244732893	7.15568445211699
LPAR1	-1.73495355868009	9.37358513520732	-4.56151083979855	0.000348606117506888	0.0215840191175683	0.161671209760606	10.4524764646709	10.3766380761598	8.57794324128162	8.97778368639981	8.48308420752442
PIR	1.68929338376466	11.7067204144422	4.5568956539432	0.000351873486226646	0.0216702597811713	0.152454236271705	10.7195766551238	10.666712113243	12.3621837761244	12.4404569261447	12.3446726015751
PTGER3	-1.74035509119995	5.427395146724	-4.55665350858738	0.00035204577873544	0.0216702597811713	0.151970600262583	6.49189816408303	6.4513182388049	4.97830161059157	4.41951489458145	4.79594282555903
ALOX5	1.78827408401286	8.699027395969	4.55095380607858	0.000356126299543824	0.0217847457116171	0.140585220970004	7.70708013123989	7.54504575988268	9.3338864603604	9.84089413327166	9.06823049509038
lincRNA:chr3:106549885-106564160_F	2.01625318735077	4.30059992285571	4.55011889246431	0.000356728082342892	0.0217847457116171	0.138917225675866	2.61266844463272	3.56902757625779	5.53724250816963	5.31873224457531	4.46532884064313
ZNF677	1.7971542198146	6.37514249779637	4.54975311174963	0.000356992054872781	0.0217847457116171	0.138186448949226	5.16876019811934	5.42493973369588	6.79808212248653	7.54790234022959	6.93602809445049
CCDC164	-1.7168786581797	6.74245351294023	-4.54317134354786	0.000361776231965243	0.0220132520455863	0.125035175604991	7.93961000873104	7.60555140696507	6.18435945535395	5.87785091249111	6.10489578116
AGT	-1.82035072993061	14.8630800560211	-4.53340916503312	0.000368993360335398	0.0223880641980001	0.105522565025463	15.9491546230503	15.9614263649086	14.4928354378338	13.5984060043682	14.3135778499446
ENST00000512874	-1.91034635380771	6.20107671447642	-4.53198883194914	0.000370055617711907	0.0223883648715704	0.102682970416749	7.47924520944001	7.21532384408208	6.03442304471105	4.83608973672203	5.44030173742692
IFI16	1.69695599317403	8.05082404784275	4.52059914970957	0.000378687857109569	0.0228453429467097	0.0799063879762949	7.19167113997771	6.87362976389895	8.79487938790883	8.6125773625404	8.78136258488786
ENST00000390444	1.71960723746416	4.16727104584875	4.50755391673651	0.000388828406191413	0.0233904588099522	0.0538065269708197	2.8856676270737	3.38534577966682	4.70888093412979	4.93288418921025	4.9235766991632
ORM1	2.25504676126037	9.75566556798359	4.5030562982621	0.00039238862269994	0.0235377594494936	0.0448049683436027	8.35786344153979	8.44741158091495	10.0697659361931	11.8419864391568	10.0613004421133
lincRNA:chr3:13093175-13147525_R	-1.87337138468739	7.28060413249862	-4.49732910381505	0.000396970461898703	0.0237453376573589	0.0333402607754723	8.41896645629079	8.39028747033133	6.98980875874943	5.87785091249111	6.72610706463047
CCNO	1.79451551055412	8.92252098014993	4.4946133306866	0.000399162211214388	0.023809182598492	0.0279029373546988	7.75263185993456	7.93899148770036	9.8863597331884	9.12621965316766	9.90840216675868
LINC00152	2.28812055752224	8.02008541726324	4.49089700769032	0.000402181521552533	0.0238633939067643	0.0204614681310291	6.58336312532921	6.71106304017059	8.61802776387352	10.1216154611054	8.06635769583752
VMO1	-1.69082039214017	7.86042018071915	-4.48941206003406	0.000403394482689827	0.0238633939067643	0.0174877516477121	9.07078191427834	8.67904291772817	7.11430816866281	7.26629186026322	7.17167604266323
LOC645166	1.67677340163614	11.894199469698	4.48934182127598	0.000403451948931363	0.0238633939067643	0.0173470892153436	11.0211106475292	10.7551602099035	12.4880218637935	12.6239785996695	12.5827260275944
PCDHGA3	1.78065511148796	7.52663549220534	4.47985343963923	0.000411292389133129	0.0242593769913482	-0.00165810440590519	6.7450244199283	6.17146043069684	8.47182350065816	7.85604123178101	8.38882787796241
ALB	2.41293858626706	13.2072785844783	4.47826428602328	0.000412620692805371	0.0242701199170937	-0.00484184019835876	11.8190873935509	11.6999434718852	13.4972745241695	15.5468384596268	13.473249073159
RNF186	1.86909487740473	8.99338502155645	4.4669861843971	0.000422174460265698	0.0247632803216791	-0.0274420208018045	7.83704143953543	7.90681475069179	9.9732372194366	9.06758049825948	10.1822511998589
SYTL2	1.77476172767686	11.0588593903026	4.46008894856527	0.000428128313751593	0.0250431410046685	-0.0412680605167788	9.91278068069963	10.0752240266933	12.0543725768168	11.2662819325796	11.9856377347235
METTL7A	1.93096764615623	7.79224074118012	4.4526431310297	0.000434652122941174	0.0253547071715685	-0.0561977159131706	6.81447797173957	6.45284233523318	8.37385895675175	9.30241630367346	8.01760813850263
A_33_P3299972	-2.22027558928023	4.147166826202	-4.44692156960576	0.000439734162116242	0.0254645130113676	-0.0676728129231901	6.36242713499296	4.59623722454732	2.68834056261225	3.41822073512892	3.67060847372855
C16orf54	-1.71524547838839	9.09249962326495	-4.44376388861378	0.000442564860681848	0.0254645130113676	-0.0740068409916042	10.2255957246309	10.0176980959651	8.65387148496407	8.51443533921019	8.05089747155452
PAGE3	3.33499922903325	5.49783512620091	4.4437380056117	0.000442588140246114	0.0254645130113676	-0.0740587629849596	3.22248664186441	3.77118453569752	9.02021323305462	5.20564906608863	6.26964215429939
MLN	-1.80185673567348	11.8250402310754	-4.44348108863182	0.000442819283138682	0.0254645130113676	-0.0745741479367448	12.9264614113463	12.8858471336126	11.4542220164163	10.5276146236634	11.3310559703381
ZNF253	2.01055165062953	5.69560361055498	4.44321891696646	0.000443055280733392	0.0254645130113676	-0.075100078905824	3.83349126577279	5.14505397458174	6.51528968042141	6.93606862567092	6.04811450632805
LOC642366	-2.06591223117356	9.59791977188063	-4.44244802487355	0.000443749955192191	0.0254645130113676	-0.076646560198613	10.926164177553	10.7487700436165	9.57020449275347	7.87449218552552	8.86996795995463
TFPI	1.65162836039303	9.84747597087849	4.43930948757615	0.000446589696894197	0.0255582076533368	-0.0829432011143876	8.83275492017614	8.88024298910921	10.6303404485534	10.4201259018792	10.4739155946745
HS3ST3A1	-2.02657929594468	5.22369346451725	-4.42856502020838	0.000456452639383613	0.0260522497006685	-0.104504471806759	5.79304282169611	7.08623926247201	4.01292633638268	4.97690652779381	4.24935237424166
DDX60L	1.68455365236055	7.45933331741633	4.42466211764991	0.000460090190736672	0.0261892736259383	-0.112338588990529	6.63870571981127	6.25849653218875	8.34465601791803	8.08495483755035	7.96985347961327
C4orf47	-1.66082966786472	6.63013796358161	-4.42096665618572	0.000463561699555625	0.0263161366972932	-0.119757311604749	7.67388238653694	7.57938914206395	6.02535452841608	6.11691700956372	5.75514675132738
MAB21L2	-1.72780946008894	7.06629330895459	-4.4122118982783	0.000471893078060327	0.0267076383555425	-0.137336511928368	7.88983458126114	8.31612338875476	6.01702449870847	6.45812635398352	6.65035772206504
MSRA	-1.70756685663108	10.4292383059415	-4.41108076707716	0.00047298060842165	0.0267076383555425	-0.139608167858581	11.5207383766485	11.3868184631919	9.99267347935628	9.36138647981561	9.88457473069543
LOC100131289	-2.28896021002449	3.16084096122065	-4.40888233680556	0.000475101625645487	0.0267560556463915	-0.144023539411669	4.78561009911335	4.28282407535733	2.31611551284301	3.28724463255812	1.13241048623143
DDIT4L	1.68698442426107	10.0143667575299	4.40604652875178	0.000477851931108611	0.0268395613825593	-0.149719527460068	8.96035861659649	9.04399358935005	10.4772287887605	11.02502979279	10.5652230001524
AKAP12	-1.66677372700842	8.25942023396231	-4.40353059532586	0.000480305616809191	0.0268701537146907	-0.154773481639426	9.30956716497338	9.20940177536134	7.7566444049432	7.32424754884784	7.69724027568578
SHC3	-1.7485236519058	5.98623243630521	-4.40288786036037	0.000480934510406978	0.0268701537146907	-0.156064663978598	7.37162591832622	6.69906733657117	5.60981268164308	5.12558197569978	5.12507426928582
FGA	2.07988692386422	9.97616294064633	4.39901816553131	0.000484738683583739	0.0270114253286465	-0.163839045070586	8.69471756108622	8.76174401156937	10.476313053067	11.82126303694	10.126777040569
C15orf48	-1.73229431558181	11.8707976050909	-4.39385088612264	0.000489866430505784	0.027225516183622	-0.174221923312689	12.9268537088885	12.8934946799914	11.5548996582631	10.7377006940808	11.2410392842306
KCNA5	-2.07108694587334	8.29144640452079	-4.34853906340824	0.000537272757121493	0.0297820697174021	-0.265345458444494	9.55914099732954	9.50905614676005	8.18850958677906	6.43950097025996	7.76102432147535
lincRNA:chr7:25978475-25989975_R	-1.65523793823985	11.2187248620898	-4.33628367611117	0.000550881530936274	0.0304567008291791	-0.290014235274271	12.1733678619592	12.2503673881082	10.7004945776432	10.2335885102186	10.7358059725198
STYK1	1.82259731877069	6.59836619105496	4.31789370116811	0.000571965165870864	0.0315400062169676	-0.327048801611545	5.66362940910885	5.34598619047625	7.86199163591817	6.68410122226727	7.43612249750428
SLCO2B1	1.81782537909555	9.3776822188525	4.31417513208524	0.000576327456837584	0.0316980101260671	-0.334539935105719	8.27450493412217	8.29946904866817	9.78610512013124	10.8107973528968	9.71753463844417
CCL14	1.60110145505097	7.93760152793049	4.31192458431892	0.000578984059993089	0.0317616255708644	-0.339074114428248	7.01786994210891	6.93601136769091	8.50342528235904	8.57496929926571	8.65573174822789
LRP1B	-1.66956150068254	5.71768129769582	-4.30480519083267	0.000587470475334745	0.0321359588039508	-0.353419554498479	6.85246593871387	6.58637045749682	5.35635655540249	4.70807303600209	5.08514050086383
XDH	1.60517637377557	8.67480642944572	4.30366355601675	0.000588843070410055	0.0321359588039508	-0.355720207052854	7.58104513571801	7.84235607464275	9.27206224322258	9.35808773538208	9.32048095826319
MYO1A	1.93049547764407	11.6814276377236	4.30072774485475	0.000592387847825363	0.032246305084067	-0.361636884838183	10.5534148337562	10.4928458685181	12.6732663471339	11.5954862575738	13.0921248816359
PDZD2	-1.725341252621	8.36428299310251	-4.29409758538109	0.000600473527532199	0.0326026331935752	-0.375000819024994	9.42165456852333	9.37732092082689	8.06910068751505	7.14747498748634	7.80586380116092
KIF25	1.60903994345775	5.69597791750763	4.28846629702679	0.000607429352894431	0.032831307235332	-0.386353411508116	4.68604437276029	4.77506353010567	6.27081038430772	6.54373433589299	6.20423696447148
AHSG	2.13511569380379	11.9159234576052	4.28666524953653	0.000609671313058465	0.032831307235332	-0.389984682761583	10.4472365317058	10.8224715509401	12.0455182407844	13.9068875523261	12.3575034122697
ENST00000390423	-1.69205125542473	5.9730645232353	-4.28597060191093	0.000610538268430259	0.032831307235332	-0.391385280872648	7.10198382020401	6.87460673277626	5.57529258462798	4.83608973672203	5.47734974184621
ERN2	1.84825150439967	6.71320325036016	4.28569135754104	0.000610887133446083	0.032831307235332	-0.391948321102549	5.69475259610701	5.51375209933371	6.91450119557177	7.2439038961941	8.19910646459421
NXT2	1.84324295076001	8.50948981745025	4.2819723764422	0.000615552738094371	0.032981168134674	-0.399447325690721	7.54583254546501	7.26125554852347	8.87768971800478	10.001078641088	8.86159263416999
ELMO1	1.60880115190198	10.2839746526557	4.27987943526253	0.000618194363599636	0.032981168134674	-0.403667907928585	9.32526906935761	9.31211885367134	10.939869913036	11.1188886436437	10.7237267835697
FAM201A	-1.66542243358462	5.62428687335575	-4.27975780977716	0.000618348229018444	0.032981168134674	-0.40391318304068	6.76375619924044	6.48332446777261	5.2229973372185	4.57909474182388	5.07226162072334
ENPP7	-1.70662891365893	5.18109877906044	-4.27513700370942	0.000624222891164578	0.0332108535688692	-0.413232316695954	6.36242713499296	6.04772511951865	4.89528840413257	4.55244403235156	4.04760920430648
ATP6V0A4	1.59493142751131	5.98721066743348	4.26708271574556	0.000634599001926516	0.0336782803653984	-0.429478883185048	5.05068903182512	5.00981459002828	6.52569699735501	6.80377950946468	6.54607320849433
KCTD8	-1.73095931339171	8.9834971890064	-4.26449665875779	0.000637967676329101	0.033733346384392	-0.434696068443978	9.94415104650968	10.0999945075732	8.86893515857282	7.99157685765066	8.01282837472566
ALDH1A1	-1.82975197439606	13.7941755631266	-4.26384244482075	0.000638822757975971	0.033733346384392	-0.436015956895551	14.8343130403394	14.9497404551891	13.568325462507	12.3183264494466	13.300172408151
KLHL30	1.83047524055496	4.8962937399043	4.25543568123326	0.000649915161938934	0.0342337153085993	-0.452978843534567	3.54607305342369	4.04994413771894	5.44799441408071	6.31589141146241	5.12156568283572
NR4A2	-1.73668377956183	12.8289453949391	-4.2369049858897	0.000675063629102515	0.0354701547053244	-0.490382911679599	13.854529474544	13.8873818508083	12.5617523347642	11.5339159157353	12.3071473988435
KRTAP19-2	-1.63560000215236	8.43481769053073	-4.23556942838552	0.000676913986316265	0.0354793407431854	-0.493079426200093	9.2637530691615	9.5686023144828	7.44768006063497	8.01991765603036	7.87413535234403
EFNB1	1.80746784140926	11.6295628740057	4.22012670335349	0.000698687989879548	0.0364341264793468	-0.524265256838588	10.5428669305567	10.5472974077636	11.9599249711291	13.1093481394863	11.9883769210929
PTPRH	1.62984512692899	9.17548432195108	4.2184707897419	0.000701064732452364	0.0364341264793468	-0.527610015708702	8.15418913907842	8.24096535250895	9.96205792742593	9.44765680398629	10.0725523867558
PROM1	1.57365323525185	10.4526659153393	4.21698658868393	0.000703202007120409	0.0364341264793468	-0.530608051875821	9.59884302327766	9.41810492509873	11.1921570609355	10.9722916599836	11.0819329074011
lincRNA:chr3:171506370-171528740_R	1.95502069795028	7.41312408032488	4.21696909173377	0.000703227242532423	0.0364341264793468	-0.530643395785893	6.31454961069376	6.16567371241567	7.99763266071054	9.12266282855673	7.46510158924772
AFM	1.78916119433738	5.74425162587662	4.21532732702266	0.000705599223594244	0.0364341264793468	-0.533959835397628	4.79939660508803	4.54211321346036	6.20676826345651	7.16500743692301	6.0079726104552
XG	1.6347689116895	7.51998487683789	4.2145489035295	0.000706726714404433	0.0364341264793468	-0.535532333486518	6.73900540362158	6.3392416560268	8.50462519429697	7.96298187452275	8.05407025572137
CLDN1	1.71281164206251	9.93106833479376	4.21423990782474	0.000707174780779765	0.0364341264793468	-0.536156545999209	8.97410721434012	8.83265548477239	10.4854603508063	11.174302031936	10.188816592114
GRK4	-1.62292640887651	7.29234686371406	-4.20382769234359	0.000722443454781458	0.0371304372694111	-0.557193372828522	8.11607035534217	8.41613506273777	6.95220465920086	6.3589714048247	6.6183528364648
PLP2	-1.97312066729644	7.93645119043535	-4.20258031537753	0.00072429499386889	0.0371354636687015	-0.559713928568494	9.18139398177236	9.05925319985407	7.94071787721919	6.20577054593643	7.29512034739471
SELV	1.60158423965258	6.79295123307552	4.20079998906551	0.000726945980213847	0.037181355388957	-0.563311537947824	6.05464896583674	5.60935241273119	7.39811999240742	7.6134409899045	7.28919380449773
ENST00000458685	2.92676872564688	7.16466803630933	4.19496165307756	0.000735708992743253	0.0375023239421951	-0.575110478113483	5.4671941400132	5.35001946182921	7.28833770672748	10.4131045295397	7.30468434343711
FAP	-1.61879039368881	4.34824686686015	-4.1942638744738	0.000736763483350798	0.0375023239421951	-0.576520757798639	5.64241623805315	4.99662596809372	3.78268918138393	3.68970077402382	3.62980217274612
MS4A15	1.61778788922569	5.07639557966113	4.1887906906981	0.000745088122407572	0.0378351102925188	-0.587583407090666	4.07766905531422	4.13377663693721	6.0963550305769	5.45314917740533	5.62102799807197
ORM2	2.18189649914891	8.53989513293491	4.18073074717137	0.000757521716063809	0.0383744553532324	-0.603877097229539	7.15047423696032	7.3110402299308	8.63795916435355	10.6930359705475	8.90696606288237
AKR1C3	1.55781930653559	9.74423647006791	4.17286373964961	0.000769861193225337	0.0389064696098962	-0.61978365056829	8.8783374052725	8.74075236702062	10.4331048356448	10.4499275049627	10.2190602374389
lincRNA:chr18:37270455-37331917_F	1.64450903328961	6.00005079164454	4.16966412931436	0.000774938101417622	0.0390697959464718	-0.62625385048839	5.01922811352418	5.00746262981736	6.75459966319883	7.01472658721083	6.20423696447148
lincRNA:chr17:63098313-63108438_R	2.38731282064727	4.28596525456536	4.16795505209362	0.000777663874676068	0.039114091558826	-0.629710107530653	3.43021666691088	2.27693845744311	4.01292633638268	5.30087120061056	6.40887361147956
MGC40069	-2.00732706645488	4.67217722911063	-4.15754611750022	0.000794476646576511	0.0398650307849707	-0.650762840448549	6.05665453390022	5.6964924040669	2.83962404057722	4.63433853007163	4.13377663693721
GMPR	1.71216008742752	7.83640359923806	4.1527013604662	0.000802427575761152	0.0401688035856794	-0.660563289476982	7.08997386922274	6.52824122434036	8.98401531407315	8.03368459776588	8.54610299078819
GBA3	1.56540719751655	9.13372004241516	4.14901320658501	0.000808534538312275	0.0403790538885906	-0.668024726800272	8.15185648408884	8.23709496372163	9.69640338475826	10.001656503397	9.58158887611007
RGS16	-1.72020207657999	9.13364833747726	-4.14339074741212	0.000817935410722253	0.0405677703020062	-0.679400536608945	9.61183946458542	10.7196997022651	8.57322888533111	8.29195605893788	8.47151757626679
ENST00000375987	1.62013430819973	4.39080210166708	4.14255126815403	0.000819348537965806	0.0405677703020062	-0.68109915273749	3.22248664186441	3.61495639163006	4.9488206834601	5.40425566664338	4.76349112473742
lincRNA:chr14:92223102-92226142_R	-1.55599018237581	4.49494719622136	-4.14232360158653	0.000819732205193212	0.0405677703020062	-0.681559822106755	5.4671941400132	5.3898884712805	3.90099441613203	4.04605047995254	3.67060847372855
C1orf115	1.56803144938041	8.16024332493833	4.14002020429727	0.000823624208017284	0.0405677703020062	-0.686220727464671	7.39132698664619	7.04752192397399	8.88177185612725	8.5889182750832	8.89167758286103
lincRNA:chrX:102024544-102185719_R	-1.55523081510817	7.7403583755983	-4.13987078962015	0.000823877318470628	0.0405677703020062	-0.686523074470443	8.5219189089477	8.82507482037871	7.25663724652461	7.03244791980342	7.06571298233707
CXorf65	1.9236081289342	5.86919276659824	4.13930417567956	0.00082483788842058	0.0405677703020062	-0.687669650512072	4.93414875466881	4.49590702380662	6.25436844741598	7.58738152838303	6.07415807871674
BC030764	1.55937563627915	9.11986528784139	4.13878198512949	0.000825724155851932	0.0405677703020062	-0.688726345067429	8.2439851824843	8.1244946296635	9.97868603580309	9.60955946541486	9.64260112584119
PRDM12	-1.89608494755238	6.24132019258401	-4.12846940545771	0.000843426386172875	0.0413308862400113	-0.709596975699441	6.90270747431197	7.85523484791891	6.20283868003902	4.86023888352958	5.38558107712059
MYOZ3	1.63555069920771	8.02744152269601	4.12747102918526	0.000845160507292793	0.0413308862400113	-0.711617722238528	6.68168856056427	7.41053364577849	8.41806292684682	8.81242335740252	8.81449912288794
FES	1.56008262134637	6.88936458243715	4.12310628318918	0.000852784447434098	0.0416076282820669	-0.720452581023076	5.98755208877042	5.91907793048825	7.43343884132174	7.77819920128855	7.32855485031681
ZNF506	1.66507089382738	5.60216061973491	4.12089178579317	0.000856679205157896	0.0417015682050999	-0.724935324343967	4.96231230451705	4.24392386235991	6.60469709563976	5.93022768185843	6.26964215429939
BEND7	-1.68521812045028	5.9691780713516	-4.11950446219911	0.000859128367040707	0.0417248696607499	-0.727743742117027	6.62917310299061	7.33144478425293	5.3869125714714	4.86057365550661	5.63778624253646
HOXA3	-1.62693531916913	10.1200747200099	-4.11007180423118	0.00087597028565754	0.0424454709354655	-0.746840657543526	11.2187258605444	10.9737459624784	9.30330347172707	9.93462663461497	9.16997167068482
APOA4	2.04119731313081	11.7069844883922	4.10867782975389	0.000878487496167658	0.0424702573775118	-0.749663122949706	10.5724534890514	10.3920787119761	11.9950570111092	13.6818749243444	11.89345830548
THC2686537	-1.79030492677982	4.95833651855765	-4.08949010344707	0.000913892125516529	0.0439674480302954	-0.788521049666834	6.33588269326663	5.72915625598445	3.58628861666248	4.26819149460566	4.87216353226901
TC2N	-1.59315408775941	5.32161127612345	-4.08937293030232	0.000914112722412546	0.0439674480302954	-0.788758383519963	6.12469127985897	6.43031617769922	5.0572518011278	4.40489493559175	4.59090218633949
ZNF682	1.51848659019643	8.30668294691032	4.08853825509583	0.000915685694515243	0.0439674480302954	-0.790449029818475	7.4052706609034	7.38591132468152	8.85045260187941	9.01597710384059	8.87580304324668
VCX2	1.58321834905684	8.19387024394129	4.07625678757472	0.00093915070007699	0.0449921178147744	-0.815328144928517	7.35348213712578	7.13439633188858	8.84394221251738	8.47884558244098	9.1586849557337
ZNF177	1.52021021152197	10.3664376758496	4.06754920721487	0.000956156304561429	0.0457034080114859	-0.83297060990021	9.37835460392216	9.53026849395058	11.1217883837666	10.9474679195241	10.8543089780843
LOC100128979	2.08506941502498	5.76044289846579	4.06361095783291	0.000963949854245815	0.0459721580262503	-0.84095074192669	5.24761796320408	3.77118453569752	6.29791308644149	5.99517899401903	7.49031991296683
CYP4F30P	1.50175423617599	9.38629401106003	4.05187850109421	0.000987551758118304	0.0469919291643935	-0.864727357388469	8.48924327566431	8.48123966304454	9.97559003486028	9.9413390378335	10.0440580438975
lincRNA:chr6:5047814-5048418_F	-1.66173971142563	8.65479842006024	-4.0485903026968	0.000994271111862285	0.0472055847392016	-0.871391891516246	9.78853754627657	9.51514694755466	8.23616742995418	8.34342713248055	7.39071304403522
RAB34	-1.66326648340859	5.88448023444043	-4.04478639644732	0.00100210217156457	0.0474709473889927	-0.879102079079609	7.17644341480558	6.58843683416559	4.90342049393929	5.00879214989934	5.74530827939237
AADAC	1.61479673107033	5.46665707189319	4.04241364856954	0.0010070185677796	0.047538826096041	-0.883911655325642	4.42745490489058	4.56810316161141	6.07759647148458	6.58026932711961	5.67986149435977
PAX6	-1.6059368358208	8.05920504847834	-4.04192929308292	0.00100802516727851	0.047538826096041	-0.884893468033352	9.04471061877505	9.00082368116658	7.70949534116891	6.91273959956052	7.62825600172064
TRPS1	-1.89120335176374	7.63220053466993	-4.04041634526859	0.00101117598831234	0.0475814478944749	-0.887960333813403	8.87839734014486	8.65544775131149	7.49925342866204	5.88853120812852	7.23937294510274
ZEB1	-1.61017902562265	7.89920070346348	-4.02965236974419	0.00103388287516984	0.0485420618219986	-0.909781710267017	8.80251695919561	8.92809927847853	7.55334847986844	6.73348081203226	7.47855798774256
TNFRSF14	1.4936160925362	8.86027415966623	4.02733042850945	0.0010388484681242	0.048667292726836	-0.91448932566006	7.94067687861346	7.98753212967556	9.45920098571713	9.39501751494485	9.51894328938017
XLOC_000515	1.52458098981686	8.24523064966392	4.02005791369551	0.00105455811200501	0.0492941898933907	-0.929234945900187	7.27582712568547	7.38513698586215	8.71103924486013	9.1369869465658	8.71716294534607
SLC5A11	1.50148461582142	6.81603337548207	4.01694337866864	0.00106135937756876	0.0493190539764497	-0.935550363960763	6.05665453390022	5.77363067807821	7.45511339186576	7.45562715681586	7.33914111675028
ZNF541	-1.60230238733969	6.40375172851032	-4.01686377588755	0.00106153378898892	0.0493190539764497	-0.935711779871476	7.46673831229239	7.26352800953588	6.15465302313439	5.2860913350775	5.84774796251145
NEK2	1.63580197129258	6.81139067526862	4.01661575958682	0.00106207738433346	0.0493190539764497	-0.936214700286611	5.98631215907612	5.67350682591002	7.31967602007785	8.0145203693605	7.06293800191862
XLOC_l2_013052	1.6135971012992	6.96309945181216	4.01182164653252	0.00107264059652062	0.0497005790619783	-0.945936387893608	6.19986281814997	5.7900195639153	8.01681261010107	7.15550376048149	7.65329850641295
HS3ST3B1	-1.61372595747036	7.12779562158374	-4.00798145333448	0.00108117871926972	0.0499868108745336	-0.953724114382974	7.72411046660552	8.46795192552639	6.77766748033158	6.16634109365979	6.50290714179542
