# WARNING: this file is not sorted!
# db	id                         alt	 E-value	adj_p-value	log_adj_p-value	bin_location	bin_width	total_width	sites_in_bin	total_sites	p_success	 p-value	mult_tests
   1	1                         MEME	2.7e-122	   1.3e-124	        -285.28	         0.0	       14	         90	         308	        485	  0.15556	2.9e-126	        44
   1	2                         MEME	4.2e-075	   1.9e-077	        -176.63	         0.0	        8	         90	         160	        323	  0.08889	4.4e-079	        44
   2	ATYGATY                  DREME	7.0e-125	   3.2e-127	        -291.25	         0.0	       17	         95	         323	        472	  0.17895	6.9e-129	        47
   3	MA0038.1                  Gfi1	8.1e-043	   3.8e-045	        -102.28	         0.0	       10	         92	         154	        401	  0.10870	8.4e-047	        45
   3	MA0041.1                 Foxd3	1.3e-022	   6.2e-025	         -55.75	         0.0	        8	         90	          85	        263	  0.08889	1.4e-026	        44
   3	MA0046.1                 HNF1A	3.0e0000	   1.4e-002	          -4.28	         0.0	       16	         88	          36	        113	  0.18182	3.2e-004	        43
   3	MA0063.1                Nkx2-5	6.2e-001	   2.9e-003	          -5.85	         0.0	       25	         95	         108	        293	  0.26316	6.2e-005	        47
   3	MA0070.1                  PBX1	3.6e-001	   1.7e-003	          -6.40	         0.0	       26	         90	          63	        140	  0.28889	3.8e-005	        44
   3	MA0075.1                 Prrx2	1.2e0000	   5.7e-003	          -5.16	         0.0	       25	         97	          78	        207	  0.25773	1.2e-004	        48
   3	MA0077.1                  SOX9	4.7e-046	   2.2e-048	        -109.75	         0.0	        7	         93	         138	        428	  0.07527	4.7e-050	        46
   3	MA0084.1                   SRY	2.4e-029	   1.1e-031	         -71.27	         0.0	       11	         93	         149	        443	  0.11828	2.4e-033	        46
   3	MA0047.2                 Foxa2	6.7e-011	   3.1e-013	         -28.79	         0.0	       14	         90	         102	        304	  0.15556	7.1e-015	        44
   3	MA0151.1                ARID3A	1.2e-055	   5.4e-058	        -131.87	         0.0	        8	         96	         158	        434	  0.08333	1.1e-059	        47
   3	MA0483.1                 Gfi1b	2.3e-006	   1.1e-008	         -18.37	         0.0	        5	         91	          31	        152	  0.05495	2.3e-010	        45
   3	MA0485.1                 Hoxc9	3.6e-001	   1.7e-003	          -6.41	         0.0	        9	         89	          32	        150	  0.10112	3.8e-005	        44
   3	MA0502.1                  NFYB	9.0e0000	   4.2e-002	          -3.18	         0.0	       71	         87	          45	         46	  0.81609	9.9e-004	        43
   3	MA0148.3                 FOXA1	1.4e-006	   6.7e-009	         -18.82	         0.0	        7	         87	          50	        233	  0.08046	1.6e-010	        43
   3	MA0594.1                 Hoxa9	2.7e-005	   1.3e-007	         -15.87	         0.0	        3	         91	          24	        171	  0.03297	2.8e-009	        45
