-log10pvalue	-log10qvalue	rank	basepairs
180.50	171.08	1	5
178.91	170.27	6	3
177.33	168.87	9	1
175.75	167.33	10	1
173.49	165.11	11	2
172.60	164.30	13	1
171.03	162.76	14	1
170.49	162.25	15	12
168.99	161.00	27	3
167.89	159.95	30	1
167.50	159.57	31	2
166.01	158.11	33	5
164.52	156.68	38	1
163.03	155.20	39	2
161.55	153.75	41	2
158.59	150.81	43	1
158.49	150.72	44	2
157.07	149.32	46	1
155.66	147.92	47	2
154.24	146.51	49	4
152.83	145.14	53	2
152.71	145.03	55	3
151.25	143.60	58	1
148.44	140.79	59	1
148.33	140.69	60	1
146.41	138.78	61	2
144.38	136.76	63	2
143.97	136.37	65	1
143.16	135.56	66	9
142.54	135.00	75	1
141.19	133.65	76	16
141.10	133.65	92	1
140.36	132.91	93	1
139.22	131.78	94	3
138.35	130.92	97	2
138.22	130.80	99	1
137.68	130.26	100	1
137.38	129.97	101	2
137.26	129.86	103	2
135.63	128.23	105	1
135.36	127.97	106	1
135.31	127.92	107	5
134.34	126.97	112	3
133.94	126.58	115	1
133.90	126.55	116	15
133.69	126.39	131	1
133.41	126.11	132	1
133.36	126.07	133	4
132.38	125.10	137	1
132.35	125.07	138	2
132.16	124.89	140	7
132.04	124.79	147	1
131.41	124.16	148	2
131.07	123.83	150	1
130.43	123.19	151	6
130.36	123.14	157	2
129.76	122.54	159	1
129.68	122.47	160	2
129.47	122.26	162	1
129.32	122.12	163	1
128.69	121.49	164	12
128.44	121.27	176	1
128.38	121.21	177	5
128.27	121.11	182	1
126.61	119.46	183	1
126.40	119.25	184	2
125.83	118.68	186	1
125.60	118.45	187	2
125.46	118.32	189	2
125.26	118.12	191	1
124.53	117.40	192	2
123.67	116.54	194	1
123.54	116.41	195	1
122.58	115.46	196	1
122.46	115.34	197	4
121.83	114.72	201	1
121.81	114.70	202	3
121.75	114.64	205	3
121.26	114.16	208	1
120.49	113.39	209	2
119.90	112.81	211	1
119.87	112.78	212	2
119.84	112.75	214	2
119.28	112.20	216	1
118.48	111.40	217	2
118.42	111.34	219	1
118.04	110.97	220	1
117.93	110.86	221	1
117.38	110.31	222	5
117.10	110.04	227	3
116.82	109.76	230	1
116.72	109.67	231	4
116.58	109.53	235	5
116.02	108.98	240	1
115.91	108.88	241	1
115.48	108.45	242	4
115.17	108.14	246	4
115.02	108.00	250	2
114.64	107.62	252	5
114.12	107.11	257	1
113.59	106.58	258	4
113.52	106.52	262	3
113.27	106.28	265	1
112.97	105.98	266	4
112.23	105.24	270	2
111.96	104.98	272	2
111.88	104.90	274	7
111.70	104.73	281	6
111.65	104.69	287	3
111.60	104.65	290	3
110.76	103.81	293	4
110.64	103.70	297	2
110.34	103.40	299	1
110.24	103.30	300	3
109.82	102.88	303	15
109.34	102.43	318	1
108.88	101.97	319	1
108.84	101.93	320	4
108.60	101.69	324	1
108.46	101.55	325	1
108.03	101.13	326	3
107.95	101.05	329	8
107.52	100.63	337	1
106.98	100.09	338	1
106.97	100.08	339	8
106.91	100.03	347	7
106.63	99.76	354	1
106.08	99.21	355	6
105.35	98.49	361	5
105.00	98.15	366	11
104.97	98.13	377	1
104.81	97.97	378	1
104.71	97.87	379	1
104.33	97.49	380	7
104.22	97.39	387	6
104.14	97.32	393	2
103.73	96.91	395	3
103.09	96.27	398	7
102.88	96.07	405	2
102.85	96.04	407	2
102.47	95.66	409	5
102.36	95.56	414	2
102.12	95.32	416	1
101.66	94.86	417	1
101.56	94.76	418	1
101.37	94.58	419	3
101.18	94.39	422	5
100.99	94.20	427	1
100.86	94.07	428	1
100.78	94.00	429	2
100.62	93.84	431	2
100.51	93.73	433	3
100.01	93.23	436	1
99.51	92.73	437	8
99.45	92.68	445	1
99.29	92.52	446	1
99.14	92.37	447	1
99.00	92.23	448	2
98.85	92.09	450	10
98.77	92.02	460	2
98.66	91.91	462	1
98.32	91.57	463	1
98.12	91.37	464	1
97.72	90.97	465	1
97.66	90.91	466	7
97.39	90.65	473	7
97.31	90.57	480	1
96.93	90.20	481	4
96.85	90.12	485	4
96.82	90.09	489	1
96.79	90.06	490	1
96.73	90.00	491	1
96.45	89.73	492	1
95.81	89.09	493	6
95.51	88.79	499	8
95.47	88.76	507	1
95.19	88.48	508	1
95.10	88.39	509	6
94.85	88.14	515	5
94.72	88.02	520	3
94.40	87.70	523	1
94.34	87.64	524	1
94.12	87.42	525	2
93.97	87.27	527	2
93.92	87.23	529	1
93.63	86.94	530	2
93.62	86.93	532	2
93.27	86.58	534	22
93.16	86.49	556	2
92.86	86.19	558	15
92.84	86.18	573	1
92.58	85.92	574	1
92.54	85.88	575	3
92.14	85.49	578	2
92.10	85.45	580	2
91.85	85.20	582	1
91.76	85.11	583	5
91.53	84.88	588	1
91.45	84.80	589	9
91.00	84.36	598	9
90.96	84.33	607	2
90.88	84.25	609	3
90.77	84.14	612	3
90.64	84.01	615	4
90.32	83.69	619	1
90.22	83.60	620	1
90.16	83.54	621	1
90.11	83.49	622	2
89.90	83.28	624	3
89.78	83.16	627	5
89.63	83.01	632	5
89.53	82.92	637	2
89.25	82.64	639	1
89.18	82.57	640	14
89.15	82.55	654	3
88.96	82.36	657	7
88.90	82.31	664	3
88.87	82.28	667	1
88.50	81.91	668	5
88.16	81.57	673	2
88.04	81.45	675	1
87.99	81.40	676	10
87.82	81.24	686	9
87.73	81.16	695	3
87.72	81.15	698	2
87.67	81.10	700	2
87.62	81.05	702	7
87.53	80.96	709	1
87.20	80.63	710	5
87.17	80.61	715	2
87.02	80.46	717	1
86.53	79.97	718	1
86.35	79.79	719	15
86.33	79.78	734	2
86.28	79.73	736	6
86.26	79.71	742	3
86.21	79.67	745	9
86.19	79.65	754	3
86.02	79.48	757	2
85.99	79.45	759	3
85.53	79.00	762	3
85.46	78.93	765	3
85.38	78.85	768	1
85.04	78.51	769	3
84.88	78.35	772	2
84.84	78.31	774	6
84.71	78.19	780	1
84.45	77.93	781	1
84.44	77.92	782	2
84.23	77.71	784	4
84.13	77.61	788	4
83.76	77.24	792	2
83.59	77.07	794	1
83.40	76.88	795	1
83.16	76.64	796	1
83.08	76.56	797	1
83.03	76.52	798	2
82.97	76.46	800	1
82.92	76.41	801	11
82.76	76.25	812	13
82.67	76.17	825	5
82.51	76.01	830	1
82.44	75.94	831	4
82.35	75.85	835	9
82.25	75.76	844	1
82.21	75.72	845	3
81.97	75.48	848	3
81.81	75.32	851	1
81.41	74.92	852	2
81.40	74.91	854	15
81.29	74.81	869	2
81.20	74.72	871	2
81.08	74.60	873	2
80.98	74.51	875	1
80.91	74.44	876	25
80.68	74.22	901	6
80.67	74.21	907	1
80.66	74.20	908	1
80.56	74.10	909	7
80.55	74.09	916	9
80.08	73.63	925	1
79.97	73.52	926	6
79.94	73.49	932	1
79.88	73.43	933	3
79.86	73.41	936	10
79.73	73.29	946	14
79.45	73.02	960	5
79.15	72.72	965	8
79.12	72.69	973	5
78.89	72.46	978	1
78.86	72.43	979	6
78.80	72.38	985	14
78.67	72.25	999	4
78.55	72.13	1003	1
78.37	71.95	1004	7
78.34	71.93	1011	3
78.31	71.90	1014	16
78.29	71.89	1030	2
78.01	71.61	1032	6
77.73	71.33	1038	6
77.70	71.30	1044	5
77.43	71.03	1049	7
77.41	71.02	1056	12
77.22	70.83	1068	1
77.12	70.73	1069	3
77.05	70.66	1072	7
77.03	70.65	1079	15
76.86	70.48	1094	5
76.78	70.40	1099	13
76.76	70.39	1112	1
76.73	70.36	1113	1
76.53	70.16	1114	3
76.30	69.93	1117	26
76.28	69.92	1143	14
75.97	69.62	1157	1
75.95	69.60	1158	1
75.67	69.32	1159	11
75.66	69.31	1170	5
75.37	69.02	1175	6
75.30	68.96	1181	1
75.28	68.94	1182	14
75.27	68.93	1196	4
75.25	68.91	1200	8
75.23	68.90	1208	23
74.91	68.58	1231	2
74.90	68.57	1233	10
74.73	68.41	1243	15
74.56	68.24	1258	35
74.42	68.11	1293	1
74.30	68.00	1294	3
74.20	67.90	1297	1
73.94	67.64	1298	5
73.91	67.61	1303	3
73.80	67.50	1306	2
73.72	67.42	1308	29
73.62	67.33	1337	2
73.53	67.24	1339	8
73.50	67.21	1347	8
73.44	67.16	1355	1
73.16	66.88	1356	1
73.04	66.76	1357	1
72.87	66.59	1358	2
72.84	66.56	1360	12
72.59	66.31	1372	6
72.48	66.20	1378	1
72.45	66.17	1379	3
72.38	66.10	1382	2
72.20	65.92	1384	13
72.16	65.89	1397	4
72.11	65.84	1401	20
72.01	65.75	1421	7
71.88	65.62	1428	6
71.79	65.53	1434	22
71.65	65.40	1456	5
71.59	65.34	1461	2
71.48	65.23	1463	6
71.33	65.08	1469	1
71.31	65.06	1470	9
71.18	64.93	1479	3
71.15	64.90	1482	1
70.90	64.65	1483	1
70.89	64.64	1484	7
70.86	64.62	1491	5
70.72	64.48	1496	13
70.69	64.45	1509	24
70.50	64.27	1533	7
70.42	64.19	1540	2
70.34	64.11	1542	3
70.14	63.91	1545	2
70.06	63.83	1547	37
70.04	63.82	1584	4
69.95	63.73	1588	1
69.87	63.65	1589	18
69.68	63.47	1607	2
69.61	63.40	1609	1
69.59	63.38	1610	2
69.56	63.35	1612	7
69.45	63.24	1619	12
69.40	63.20	1631	2
69.34	63.14	1633	10
69.20	63.00	1643	9
69.19	62.99	1652	24
69.18	62.99	1676	4
68.95	62.76	1680	8
68.81	62.62	1688	4
68.80	62.61	1692	2
68.79	62.60	1694	1
68.73	62.54	1695	3
68.69	62.50	1698	3
68.68	62.49	1701	3
68.48	62.29	1704	8
68.45	62.27	1712	7
68.41	62.23	1719	2
68.33	62.15	1721	27
68.27	62.10	1748	1
68.11	61.94	1749	1
68.09	61.92	1750	4
68.01	61.84	1754	1
67.95	61.78	1755	16
67.89	61.72	1771	3
67.87	61.70	1774	1
67.80	61.63	1775	3
67.76	61.59	1778	4
67.70	61.53	1782	3
67.69	61.52	1785	18
67.54	61.38	1803	15
67.51	61.35	1818	2
67.27	61.11	1820	4
67.23	61.07	1824	7
67.09	60.94	1831	3
67.03	60.88	1834	29
66.97	60.82	1863	5
66.95	60.80	1868	6
66.94	60.80	1874	1
66.78	60.64	1875	8
66.75	60.61	1883	2
66.70	60.56	1885	2
66.62	60.48	1887	65
66.59	60.46	1952	1
66.51	60.38	1953	2
66.50	60.37	1955	5
66.34	60.22	1960	4
66.29	60.17	1964	1
66.20	60.08	1965	10
66.17	60.05	1975	2
66.09	59.97	1977	20
66.08	59.96	1997	1
66.04	59.92	1998	8
65.91	59.80	2006	10
65.84	59.73	2016	27
65.79	59.68	2043	2
65.67	59.56	2045	13
65.52	59.42	2058	2
65.45	59.35	2060	2
65.42	59.32	2062	2
65.40	59.30	2064	7
65.39	59.29	2071	16
65.25	59.15	2087	2
65.23	59.13	2089	6
65.12	59.02	2095	4
65.08	58.99	2099	2
65.06	58.97	2101	3
64.98	58.89	2104	3
64.91	58.82	2107	20
64.70	58.61	2127	32
64.63	58.55	2159	20
64.58	58.50	2179	14
64.47	58.39	2193	3
64.43	58.35	2196	2
64.41	58.34	2198	11
64.31	58.24	2209	12
64.29	58.22	2221	10
64.17	58.10	2231	7
64.12	58.05	2238	3
64.01	57.94	2241	2
63.98	57.91	2243	21
63.93	57.87	2264	1
63.89	57.83	2265	11
63.88	57.82	2276	4
63.76	57.70	2280	16
63.73	57.67	2296	2
63.72	57.66	2298	2
63.71	57.65	2300	1
63.64	57.59	2301	4
63.63	57.58	2305	1
63.55	57.50	2306	3
63.47	57.42	2309	4
63.41	57.36	2313	2
63.29	57.24	2315	5
63.25	57.20	2320	1
63.24	57.19	2321	18
63.21	57.16	2339	24
62.86	56.82	2363	13
62.83	56.79	2376	4
62.78	56.74	2380	2
62.76	56.72	2382	10
62.75	56.71	2392	6
62.68	56.64	2398	3
62.57	56.53	2401	1
62.55	56.51	2402	11
62.53	56.50	2413	18
62.51	56.48	2431	11
62.49	56.46	2442	1
62.37	56.34	2443	1
62.28	56.25	2444	1
62.25	56.22	2445	2
62.23	56.20	2447	2
62.15	56.12	2449	1
62.13	56.10	2450	19
62.12	56.10	2469	12
62.11	56.09	2481	7
62.04	56.02	2488	2
61.99	55.97	2490	6
61.85	55.83	2496	9
61.82	55.80	2505	3
61.77	55.75	2508	16
61.66	55.65	2524	3
61.59	55.58	2527	3
61.52	55.51	2530	59
61.40	55.40	2589	1
61.30	55.30	2590	7
61.19	55.19	2597	13
61.10	55.10	2610	5
61.09	55.09	2615	6
61.07	55.07	2621	7
61.05	55.05	2628	1
61.04	55.04	2629	13
60.90	54.91	2642	18
60.86	54.87	2660	9
60.80	54.81	2669	3
60.79	54.80	2672	10
60.74	54.75	2682	1
60.69	54.70	2683	2
60.64	54.65	2685	1
60.63	54.64	2686	2
60.51	54.52	2688	5
60.50	54.51	2693	1
60.41	54.42	2694	2
60.37	54.38	2696	13
60.30	54.32	2709	26
60.28	54.30	2735	4
60.27	54.29	2739	6
60.19	54.21	2745	7
60.16	54.18	2752	4
60.07	54.09	2756	6
59.91	53.93	2762	4
59.85	53.87	2766	12
59.84	53.87	2778	35
59.74	53.77	2813	5
59.67	53.70	2818	1
59.65	53.68	2819	1
59.57	53.60	2820	2
59.51	53.54	2822	19
59.48	53.52	2841	2
59.45	53.49	2843	5
59.39	53.43	2848	2
59.37	53.41	2850	12
59.35	53.39	2862	2
59.26	53.30	2864	2
59.23	53.27	2866	8
59.22	53.26	2874	10
59.19	53.23	2884	4
59.11	53.15	2888	2
59.05	53.09	2890	37
59.04	53.09	2927	7
59.00	53.05	2934	2
58.90	52.95	2936	9
58.85	52.90	2945	11
58.80	52.85	2956	1
58.75	52.80	2957	9
58.73	52.79	2966	2
58.72	52.78	2968	1
58.56	52.62	2969	7
58.52	52.58	2976	18
58.49	52.55	2994	4
58.48	52.54	2998	9
58.47	52.53	3007	1
58.44	52.50	3008	8
58.24	52.30	3016	10
58.20	52.26	3026	6
58.17	52.23	3032	30
58.03	52.10	3062	21
57.99	52.06	3083	11
57.94	52.01	3094	2
57.81	51.88	3096	5
57.79	51.86	3101	3
57.75	51.83	3104	10
57.65	51.73	3114	7
57.42	51.50	3121	5
57.40	51.48	3126	24
57.30	51.38	3150	24
57.21	51.29	3174	18
57.20	51.29	3192	6
57.15	51.24	3198	4
57.07	51.16	3202	1
57.05	51.14	3203	1
57.02	51.11	3204	10
56.96	51.05	3214	9
56.94	51.03	3223	4
56.93	51.02	3227	2
56.86	50.95	3229	6
56.81	50.90	3235	17
56.77	50.87	3252	1
56.74	50.84	3253	9
56.66	50.76	3262	2
56.59	50.69	3264	11
56.57	50.67	3275	8
56.50	50.60	3283	42
56.48	50.58	3325	31
56.40	50.51	3356	8
56.32	50.43	3364	4
56.31	50.42	3368	11
56.18	50.29	3379	4
56.11	50.22	3383	14
55.96	50.07	3397	47
55.95	50.07	3444	8
55.94	50.06	3452	9
55.93	50.05	3461	4
55.88	50.00	3465	22
55.75	49.88	3487	3
55.71	49.84	3490	4
55.63	49.76	3494	2
55.62	49.75	3496	3
55.57	49.70	3499	1
55.54	49.67	3500	1
55.43	49.56	3501	3
55.39	49.52	3504	2
55.38	49.51	3506	21
55.37	49.50	3527	10
55.30	49.43	3537	4
55.25	49.38	3541	1
55.17	49.30	3542	7
55.15	49.28	3549	37
55.14	49.28	3586	2
55.13	49.27	3588	5
55.03	49.17	3593	14
54.97	49.11	3607	16
54.92	49.06	3623	4
54.89	49.03	3627	1
54.85	48.99	3628	87
54.80	48.95	3715	2
54.77	48.92	3717	14
54.74	48.89	3731	4
54.71	48.87	3735	13
54.57	48.73	3748	27
54.56	48.72	3775	4
54.53	48.69	3779	32
54.46	48.62	3811	6
54.44	48.60	3817	3
54.37	48.54	3820	1
54.35	48.52	3821	3
54.24	48.41	3824	12
54.15	48.32	3836	3
54.14	48.31	3839	2
54.13	48.30	3841	4
54.12	48.29	3845	7
53.96	48.13	3852	5
53.94	48.11	3857	4
53.85	48.02	3861	5
53.83	48.00	3866	3
53.82	47.99	3869	1
53.80	47.97	3870	3
53.73	47.90	3873	1
53.58	47.75	3874	10
53.57	47.74	3884	62
53.50	47.68	3946	20
53.49	47.67	3966	12
53.48	47.66	3978	24
53.46	47.65	4002	2
53.41	47.60	4004	2
53.33	47.52	4006	22
53.32	47.51	4028	40
53.29	47.48	4068	1
53.27	47.46	4069	8
53.21	47.40	4077	33
53.16	47.36	4110	15
53.10	47.30	4125	26
53.00	47.20	4151	4
52.95	47.15	4155	13
52.83	47.03	4168	3
52.81	47.01	4171	5
52.77	46.97	4176	9
52.62	46.82	4185	10
52.61	46.82	4195	2
52.55	46.76	4197	44
52.54	46.75	4241	6
52.45	46.66	4247	7
52.36	46.57	4254	23
52.34	46.55	4277	2
52.28	46.49	4279	8
52.18	46.40	4287	5
52.14	46.36	4292	2
52.09	46.31	4294	3
52.06	46.28	4297	2
52.03	46.25	4299	4
51.99	46.21	4303	40
51.98	46.20	4343	7
51.97	46.19	4350	1
51.88	46.10	4351	1
51.86	46.08	4352	26
51.82	46.04	4378	11
51.77	46.00	4389	1
51.76	45.99	4390	32
51.69	45.92	4422	68
51.63	45.87	4490	7
51.62	45.86	4497	23
51.57	45.81	4520	48
51.56	45.80	4568	9
51.53	45.77	4577	19
51.35	45.60	4596	7
51.27	45.52	4603	11
51.21	45.46	4614	5
51.20	45.45	4619	2
51.13	45.38	4621	5
51.12	45.37	4626	33
51.08	45.33	4659	9
51.00	45.25	4668	1
50.99	45.24	4669	21
50.88	45.13	4690	20
50.76	45.02	4710	1
50.74	45.00	4711	11
50.69	44.95	4722	12
50.67	44.93	4734	17
50.62	44.88	4751	1
50.59	44.85	4752	11
50.57	44.83	4763	8
50.56	44.82	4771	1
50.54	44.80	4772	4
50.51	44.77	4776	12
50.45	44.71	4788	1
50.44	44.70	4789	1
50.28	44.54	4790	27
50.23	44.50	4817	29
50.21	44.48	4846	29
50.18	44.45	4875	4
50.16	44.43	4879	12
50.08	44.35	4891	26
50.04	44.31	4917	3
50.01	44.29	4920	5
49.97	44.25	4925	15
49.96	44.24	4940	13
49.95	44.23	4953	102
49.94	44.23	5055	5
49.88	44.17	5060	4
49.87	44.16	5064	1
49.78	44.07	5065	5
49.76	44.05	5070	5
49.74	44.03	5075	24
49.73	44.02	5099	16
49.65	43.94	5115	10
49.59	43.88	5125	2
49.48	43.77	5127	9
49.45	43.74	5136	4
49.44	43.73	5140	11
49.43	43.72	5151	5
49.41	43.71	5156	5
49.38	43.68	5161	1
49.37	43.67	5162	5
49.36	43.66	5167	3
49.22	43.52	5170	30
49.21	43.51	5200	16
49.11	43.41	5216	7
49.10	43.40	5223	6
49.04	43.34	5229	17
48.97	43.27	5246	26
48.89	43.20	5272	15
48.88	43.19	5287	50
48.87	43.18	5337	11
48.83	43.14	5348	8
48.77	43.08	5356	8
48.75	43.06	5364	2
48.74	43.05	5366	1
48.73	43.04	5367	1
48.72	43.03	5368	28
48.69	43.01	5396	7
48.61	42.93	5403	11
48.55	42.87	5414	7
48.54	42.86	5421	3
48.51	42.83	5424	14
48.50	42.82	5438	14
48.40	42.72	5452	7
48.38	42.70	5459	17
48.34	42.66	5476	51
48.33	42.66	5527	5
48.26	42.59	5532	6
48.21	42.54	5538	5
48.18	42.51	5543	82
48.17	42.50	5625	6
48.14	42.47	5631	13
48.07	42.40	5644	42
47.98	42.32	5686	4
47.97	42.31	5690	29
47.89	42.23	5719	19
47.85	42.19	5738	13
47.82	42.16	5751	2
47.80	42.14	5753	2
47.78	42.12	5755	5
47.71	42.05	5760	4
47.70	42.04	5764	2
47.66	42.00	5766	6
47.62	41.96	5772	5
47.61	41.95	5777	13
47.58	41.93	5790	18
47.55	41.90	5808	45
47.50	41.85	5853	21
47.49	41.84	5874	117
47.43	41.79	5991	5
47.42	41.78	5996	1
47.38	41.74	5997	23
47.22	41.58	6020	15
47.21	41.57	6035	1
47.20	41.56	6036	2
47.19	41.55	6038	10
47.15	41.51	6048	5
47.08	41.45	6053	5
47.07	41.44	6058	3
47.03	41.40	6061	1
47.00	41.37	6062	22
46.99	41.36	6084	1
46.91	41.28	6085	8
46.88	41.25	6093	46
46.83	41.20	6139	3
46.80	41.17	6142	11
46.79	41.16	6153	6
46.73	41.10	6159	75
46.71	41.09	6234	17
46.66	41.04	6251	8
46.63	41.01	6259	2
46.61	40.99	6261	54
46.60	40.98	6315	1
46.59	40.97	6316	1
46.43	40.81	6317	2
46.41	40.79	6319	49
46.39	40.78	6368	1
46.38	40.77	6369	29
46.36	40.75	6398	64
46.33	40.72	6462	10
46.29	40.68	6472	4
46.27	40.66	6476	19
46.24	40.64	6495	2
46.23	40.63	6497	15
46.21	40.61	6512	12
46.20	40.60	6524	12
46.14	40.54	6536	15
46.13	40.53	6551	38
46.11	40.51	6589	45
46.06	40.46	6634	8
45.91	40.32	6642	38
45.81	40.22	6680	33
45.73	40.14	6713	10
45.71	40.12	6723	3
45.68	40.09	6726	4
45.62	40.03	6730	20
45.60	40.01	6750	2
45.52	39.93	6752	5
45.45	39.86	6757	18
45.43	39.84	6775	1
45.42	39.83	6776	6
45.40	39.81	6782	54
45.26	39.68	6836	6
45.25	39.67	6842	4
45.24	39.66	6846	19
45.20	39.62	6865	6
45.18	39.60	6871	3
45.17	39.59	6874	1
45.16	39.58	6875	24
45.14	39.56	6899	115
45.06	39.49	7014	37
45.05	39.48	7051	6
45.04	39.47	7057	7
45.00	39.43	7064	9
44.98	39.41	7073	9
44.94	39.37	7082	8
44.89	39.32	7090	1
44.84	39.27	7091	37
44.74	39.18	7128	56
44.71	39.15	7184	37
44.70	39.14	7221	8
44.69	39.13	7229	24
44.67	39.11	7253	16
44.65	39.09	7269	60
44.62	39.07	7329	25
44.52	38.97	7354	1
44.45	38.90	7355	4
44.40	38.85	7359	6
44.39	38.84	7365	20
44.37	38.82	7385	28
44.36	38.81	7413	3
44.34	38.79	7416	4
44.30	38.75	7420	1
44.27	38.72	7421	31
44.25	38.71	7452	14
44.24	38.70	7466	53
44.21	38.67	7519	2
44.16	38.62	7521	3
44.05	38.51	7524	16
44.01	38.47	7540	5
44.00	38.46	7545	33
43.89	38.35	7578	10
43.87	38.33	7588	4
43.86	38.32	7592	4
43.81	38.27	7596	34
43.76	38.23	7630	6
43.75	38.22	7636	3
43.69	38.16	7639	13
43.68	38.15	7652	6
43.66	38.13	7658	4
43.65	38.12	7662	2
43.63	38.10	7664	4
43.62	38.09	7668	5
43.61	38.08	7673	12
43.56	38.03	7685	66
43.53	38.00	7751	2
43.51	37.98	7753	85
43.50	37.98	7838	6
43.43	37.91	7844	6
43.38	37.86	7850	55
43.36	37.84	7905	1
43.32	37.80	7906	13
43.30	37.78	7919	7
43.27	37.75	7926	1
43.26	37.74	7927	25
43.24	37.72	7952	1
43.23	37.71	7953	30
43.22	37.71	7983	8
43.16	37.65	7991	1
43.13	37.62	7992	33
43.11	37.60	8025	11
43.08	37.57	8036	24
43.05	37.54	8060	8
43.03	37.52	8068	7
43.02	37.51	8075	12
42.98	37.47	8087	1
42.93	37.42	8088	2
42.91	37.40	8090	157
42.84	37.34	8247	21
42.81	37.31	8268	6
42.80	37.30	8274	1
42.78	37.28	8275	7
42.71	37.21	8282	23
42.68	37.18	8305	14
42.65	37.15	8319	53
42.62	37.13	8372	8
42.52	37.03	8380	7
42.49	37.00	8387	1
42.44	36.95	8388	30
42.43	36.94	8418	1
42.41	36.92	8419	9
42.38	36.89	8428	8
42.37	36.88	8436	6
42.32	36.83	8442	13
42.24	36.75	8455	23
42.23	36.74	8478	3
42.20	36.71	8481	1
42.15	36.66	8482	50
42.13	36.64	8532	12
42.12	36.63	8544	1
42.11	36.62	8545	10
42.08	36.60	8555	2
42.05	36.57	8557	8
42.03	36.55	8565	133
41.99	36.51	8698	61
41.97	36.50	8759	28
41.96	36.49	8787	1
41.90	36.43	8788	37
41.89	36.42	8825	3
41.86	36.39	8828	13
41.84	36.37	8841	45
41.83	36.36	8886	2
41.82	36.35	8888	65
41.78	36.32	8953	8
41.77	36.31	8961	6
41.76	36.30	8967	33
41.70	36.24	9000	14
41.67	36.21	9014	2
41.64	36.18	9016	3
41.63	36.17	9019	4
41.60	36.14	9023	6
41.50	36.04	9029	3
41.48	36.02	9032	3
41.47	36.01	9035	2
41.46	36.00	9037	2
41.43	35.97	9039	15
41.37	35.91	9054	2
41.32	35.86	9056	15
41.30	35.84	9071	2
41.22	35.76	9073	6
41.18	35.72	9079	94
41.14	35.69	9173	21
41.09	35.64	9194	1
41.05	35.60	9195	12
41.04	35.59	9207	29
41.00	35.55	9236	2
40.99	35.54	9238	7
40.97	35.52	9245	9
40.96	35.51	9254	8
40.89	35.44	9262	3
40.86	35.41	9265	1
40.79	35.34	9266	5
40.76	35.31	9271	3
40.75	35.30	9274	4
40.72	35.27	9278	25
40.69	35.24	9303	50
40.68	35.23	9353	34
40.67	35.23	9387	114
40.65	35.21	9501	47
40.64	35.20	9548	7
40.61	35.17	9555	24
40.58	35.14	9579	16
40.56	35.13	9595	33
40.49	35.06	9628	15
40.47	35.04	9643	17
40.45	35.02	9660	43
40.44	35.01	9703	188
40.43	35.01	9891	18
40.40	34.98	9909	4
40.33	34.91	9913	34
40.31	34.89	9947	12
40.29	34.87	9959	29
40.27	34.85	9988	1
40.24	34.82	9989	2
40.20	34.78	9991	2
40.18	34.76	9993	41
40.13	34.71	10034	3
40.11	34.69	10037	4
40.06	34.64	10041	3
40.01	34.59	10044	4
39.96	34.55	10048	2
39.95	34.54	10050	70
39.89	34.48	10120	6
39.88	34.47	10126	5
39.86	34.45	10131	4
39.79	34.38	10135	5
39.78	34.37	10140	41
39.72	34.31	10181	8
39.70	34.29	10189	2
39.67	34.26	10191	6
39.63	34.22	10197	4
39.61	34.20	10201	31
39.57	34.16	10232	3
39.54	34.13	10235	1
39.53	34.12	10236	2
39.49	34.08	10238	9
39.47	34.06	10247	41
39.46	34.06	10288	80
39.45	34.05	10368	36
39.43	34.03	10404	16
39.40	34.00	10420	6
39.39	33.99	10426	2
39.35	33.95	10428	79
39.32	33.92	10507	1
39.29	33.89	10508	3
39.28	33.88	10511	1
39.27	33.87	10512	16
39.22	33.83	10528	3
39.20	33.81	10531	22
39.15	33.76	10553	15
39.11	33.72	10568	49
39.10	33.71	10617	12
39.08	33.69	10629	1
39.04	33.65	10630	26
39.02	33.63	10656	5
38.95	33.56	10661	19
38.94	33.55	10680	113
38.92	33.54	10793	5
38.90	33.52	10798	2
38.89	33.51	10800	100
38.88	33.50	10900	8
38.86	33.48	10908	32
38.85	33.47	10940	76
38.79	33.42	11016	12
38.77	33.40	11028	11
38.76	33.39	11039	10
38.67	33.30	11049	2
38.65	33.28	11051	14
38.63	33.26	11065	1
38.61	33.24	11066	4
38.60	33.23	11070	2
38.58	33.21	11072	1
38.57	33.20	11073	4
38.54	33.17	11077	3
38.52	33.15	11080	4
38.47	33.10	11084	7
38.46	33.09	11091	12
38.45	33.08	11103	1
38.44	33.07	11104	2
38.42	33.05	11106	11
38.32	32.95	11117	4
38.29	32.92	11121	29
38.27	32.90	11150	32
38.26	32.89	11182	58
38.25	32.88	11240	7
38.17	32.80	11247	7
38.14	32.77	11254	14
38.11	32.74	11268	1
38.10	32.73	11269	1
38.09	32.73	11270	6
38.04	32.68	11276	5
38.03	32.67	11281	184
37.97	32.61	11465	5
37.94	32.58	11470	9
37.92	32.56	11479	6
37.90	32.54	11485	1
37.88	32.52	11486	11
37.86	32.50	11497	69
37.83	32.48	11566	10
37.79	32.44	11576	2
37.76	32.41	11578	203
37.68	32.33	11781	45
37.67	32.33	11826	7
37.65	32.31	11833	55
37.60	32.26	11888	3
37.59	32.25	11891	8
37.58	32.24	11899	50
37.57	32.23	11949	3
37.47	32.13	11952	32
37.45	32.11	11984	2
37.44	32.10	11986	42
37.42	32.08	12028	22
37.40	32.06	12050	14
37.39	32.05	12064	101
37.38	32.05	12165	10
37.36	32.03	12175	189
37.33	32.01	12364	53
37.29	31.97	12417	13
37.28	31.96	12430	9
37.26	31.94	12439	8
37.25	31.93	12447	10
37.24	31.92	12457	8
37.19	31.87	12465	33
37.14	31.82	12498	4
37.11	31.79	12502	24
37.07	31.75	12526	36
37.01	31.69	12562	16
36.97	31.65	12578	14
36.96	31.64	12592	8
36.93	31.61	12600	45
36.90	31.59	12645	25
36.88	31.57	12670	8
36.86	31.55	12678	25
36.84	31.53	12703	8
36.81	31.50	12711	11
36.79	31.48	12722	1
36.75	31.44	12723	10
36.74	31.43	12733	13
36.72	31.41	12746	89
36.69	31.38	12835	7
36.67	31.36	12842	15
36.65	31.34	12857	13
36.61	31.30	12870	4
36.58	31.27	12874	6
36.57	31.26	12880	5
36.53	31.22	12885	1
36.47	31.16	12886	45
36.46	31.15	12931	11
36.40	31.10	12942	13
36.39	31.09	12955	3
36.38	31.08	12958	34
36.34	31.04	12992	1
36.31	31.01	12993	2
36.29	30.99	12995	32
36.28	30.98	13027	20
36.27	30.97	13047	29
36.22	30.92	13076	11
36.18	30.88	13087	4
36.15	30.85	13091	5
36.11	30.81	13096	16
36.10	30.80	13112	5
36.08	30.78	13117	14
36.07	30.77	13131	87
36.06	30.76	13218	64
35.99	30.70	13282	77
35.97	30.68	13359	8
35.95	30.66	13367	26
35.93	30.64	13393	70
35.92	30.63	13463	5
35.89	30.60	13468	21
35.88	30.59	13489	24
35.86	30.57	13513	19
35.84	30.55	13532	263
35.77	30.49	13795	19
35.76	30.48	13814	1
35.75	30.47	13815	4
35.74	30.46	13819	6
35.72	30.44	13825	10
35.68	30.40	13835	13
35.67	30.39	13848	15
35.65	30.37	13863	18
35.64	30.37	13881	4
35.60	30.33	13885	4
35.56	30.29	13889	8
35.50	30.23	13897	25
35.49	30.22	13922	4
35.42	30.15	13926	80
35.40	30.13	14006	56
35.39	30.12	14062	31
35.38	30.11	14093	6
35.36	30.09	14099	5
35.35	30.08	14104	3
35.29	30.02	14107	42
35.24	29.97	14149	15
35.22	29.95	14164	8
35.20	29.93	14172	10
35.19	29.92	14182	5
35.13	29.86	14187	12
35.10	29.84	14199	3
35.09	29.83	14202	3
35.08	29.82	14205	37
35.06	29.80	14242	1
35.04	29.78	14243	2
34.99	29.73	14245	6
34.97	29.71	14251	37
34.96	29.70	14288	4
34.93	29.67	14292	4
34.92	29.66	14296	2
34.90	29.64	14298	18
34.88	29.62	14316	8
34.78	29.52	14324	1
34.77	29.51	14325	18
34.74	29.48	14343	55
34.72	29.46	14398	24
34.71	29.45	14422	1
34.70	29.44	14423	48
34.68	29.42	14471	13
34.61	29.35	14484	27
34.60	29.34	14511	2
34.58	29.32	14513	48
34.56	29.31	14561	23
34.54	29.29	14584	66
34.49	29.24	14650	33
34.47	29.22	14683	174
34.39	29.15	14857	86
34.38	29.14	14943	32
34.36	29.12	14975	3
34.34	29.10	14978	151
34.31	29.07	15129	8
34.29	29.05	15137	18
34.24	29.00	15155	2
34.22	28.98	15157	10
34.20	28.96	15167	7
34.19	28.95	15174	1
34.18	28.94	15175	7
34.15	28.91	15182	5
34.14	28.90	15187	1
34.13	28.89	15188	227
34.11	28.88	15415	12
34.10	28.87	15427	27
34.08	28.85	15454	3
34.07	28.84	15457	7
34.03	28.80	15464	17
34.01	28.78	15481	11
33.99	28.76	15492	26
33.95	28.72	15518	2
33.90	28.67	15520	71
33.89	28.67	15591	67
33.86	28.64	15658	22
33.79	28.57	15680	20
33.78	28.56	15700	3
33.76	28.54	15703	4
33.75	28.53	15707	16
33.72	28.50	15723	43
33.70	28.48	15766	7
33.69	28.47	15773	36
33.68	28.46	15809	1
33.61	28.39	15810	1
33.60	28.38	15811	9
33.56	28.34	15820	1
33.54	28.32	15821	101
33.53	28.32	15922	6
33.49	28.28	15928	26
33.43	28.22	15954	26
33.36	28.15	15980	6
33.34	28.13	15986	13
33.33	28.12	15999	38
33.32	28.11	16037	4
33.29	28.08	16041	3
33.22	28.01	16044	3
33.19	27.98	16047	57
33.18	27.97	16104	45
33.15	27.94	16149	26
33.11	27.90	16175	31
33.10	27.89	16206	5
33.09	27.88	16211	9
33.06	27.85	16220	128
33.04	27.84	16348	32
33.02	27.82	16380	54
33.01	27.81	16434	47
33.00	27.80	16481	2
32.95	27.75	16483	9
32.93	27.73	16492	3
32.92	27.72	16495	5
32.90	27.70	16500	28
32.89	27.69	16528	11
32.88	27.68	16539	2
32.85	27.65	16541	152
32.84	27.65	16693	233
32.82	27.63	16926	28
32.81	27.62	16954	1
32.77	27.58	16955	8
32.74	27.55	16963	249
32.72	27.54	17212	14
32.70	27.52	17226	7
32.68	27.50	17233	50
32.67	27.49	17283	3
32.65	27.47	17286	11
32.59	27.41	17297	3
32.58	27.40	17300	5
32.57	27.39	17305	14
32.54	27.36	17319	46
32.51	27.33	17365	30
32.47	27.29	17395	71
32.45	27.28	17466	6
32.43	27.26	17472	11
32.40	27.23	17483	4
32.38	27.21	17487	38
32.36	27.19	17525	3
32.35	27.18	17528	94
32.33	27.16	17622	2
32.32	27.15	17624	1
32.31	27.14	17625	11
32.29	27.12	17636	25
32.28	27.11	17661	5
32.21	27.04	17666	43
32.19	27.02	17709	37
32.18	27.01	17746	14
32.17	27.00	17760	9
32.15	26.98	17769	4
32.14	26.97	17773	19
32.10	26.93	17792	42
32.03	26.86	17834	4
32.01	26.84	17838	5
31.99	26.82	17843	4
31.98	26.81	17847	25
31.96	26.80	17872	1
31.92	26.76	17873	10
31.91	26.75	17883	39
31.87	26.71	17922	31
31.85	26.69	17953	8
31.82	26.66	17961	9
31.79	26.63	17970	100
31.78	26.62	18070	2
31.75	26.59	18072	4
31.74	26.58	18076	21
31.71	26.55	18097	6
31.70	26.54	18103	20
31.66	26.50	18123	53
31.65	26.49	18176	124
31.58	26.43	18300	159
31.56	26.41	18459	146
31.55	26.40	18605	2
31.53	26.38	18607	8
31.50	26.35	18615	28
31.48	26.33	18643	24
31.43	26.28	18667	3
31.42	26.27	18670	1
31.41	26.26	18671	32
31.37	26.22	18703	374
31.35	26.21	19077	31
31.33	26.19	19108	37
31.31	26.18	19145	4
31.30	26.17	19149	17
31.29	26.16	19166	42
31.26	26.13	19208	12
31.23	26.10	19220	102
31.17	26.04	19322	90
31.15	26.02	19412	3
31.14	26.01	19415	7
31.11	25.98	19422	17
31.10	25.97	19439	16
31.09	25.96	19455	182
31.02	25.90	19637	1
31.01	25.89	19638	3
31.00	25.88	19641	30
30.98	25.86	19671	1
30.97	25.85	19672	31
30.94	25.82	19703	2
30.92	25.80	19705	8
30.90	25.78	19713	22
30.89	25.77	19735	78
30.85	25.73	19813	20
30.82	25.70	19833	8
30.77	25.65	19841	5
30.73	25.61	19846	35
30.72	25.60	19881	57
30.70	25.58	19938	19
30.68	25.56	19957	54
30.66	25.54	20011	1
30.65	25.53	20012	11
30.63	25.51	20023	77
30.59	25.48	20100	7
30.55	25.44	20107	20
30.54	25.43	20127	52
30.53	25.42	20179	36
30.52	25.41	20215	28
30.50	25.39	20243	6
30.49	25.38	20249	2
30.48	25.37	20251	10
30.42	25.31	20261	2
30.41	25.30	20263	56
30.40	25.29	20319	22
30.39	25.28	20341	19
30.37	25.26	20360	13
30.34	25.23	20373	99
30.32	25.21	20472	336
30.31	25.21	20808	5
30.30	25.20	20813	11
30.27	25.17	20824	22
30.25	25.15	20846	6
30.24	25.14	20852	117
30.20	25.10	20969	20
30.18	25.09	20989	1
30.16	25.07	20990	4
30.15	25.06	20994	39
30.13	25.04	21033	198
30.12	25.03	21231	3
30.11	25.02	21234	3
30.10	25.01	21237	54
30.09	25.00	21291	74
30.08	24.99	21365	2
30.07	24.98	21367	3
30.00	24.91	21370	2
29.99	24.90	21372	12
29.98	24.89	21384	35
29.95	24.86	21419	17
29.91	24.82	21436	11
29.90	24.81	21447	266
29.88	24.80	21713	1
29.87	24.79	21714	72
29.86	24.78	21786	34
29.83	24.75	21820	41
29.81	24.73	21861	26
29.80	24.72	21887	22
29.75	24.67	21909	6
29.73	24.65	21915	12
29.72	24.64	21927	5
29.71	24.63	21932	13
29.68	24.60	21945	49
29.67	24.60	21994	9
29.66	24.59	22003	13
29.64	24.57	22016	17
29.63	24.56	22033	95
29.60	24.53	22128	26
29.57	24.50	22154	105
29.53	24.46	22259	22
29.52	24.45	22281	29
29.51	24.44	22310	12
29.48	24.41	22322	60
29.47	24.40	22382	215
29.43	24.37	22597	18
29.38	24.32	22615	5
29.37	24.31	22620	22
29.30	24.24	22642	25
29.29	24.23	22667	54
29.24	24.18	22721	13
29.22	24.16	22734	59
29.19	24.13	22793	1
29.17	24.11	22794	6
29.16	24.10	22800	32
29.13	24.07	22832	13
29.12	24.06	22845	57
29.11	24.05	22902	6
29.10	24.04	22908	26
29.08	24.02	22934	190
29.07	24.02	23124	1
29.06	24.01	23125	4
29.05	24.00	23129	36
29.00	23.95	23165	1
28.98	23.93	23166	29
28.97	23.92	23195	99
28.94	23.89	23294	28
28.92	23.87	23322	19
28.91	23.86	23341	1
28.88	23.83	23342	2
28.87	23.82	23344	15
28.86	23.81	23359	194
28.84	23.80	23553	6
28.83	23.79	23559	2
28.81	23.77	23561	13
28.80	23.76	23574	84
28.77	23.73	23658	9
28.76	23.72	23667	1
28.74	23.70	23668	10
28.72	23.68	23678	14
28.71	23.67	23692	149
28.68	23.64	23841	3
28.67	23.63	23844	3
28.66	23.62	23847	69
28.64	23.60	23916	51
28.62	23.58	23967	19
28.59	23.55	23986	106
28.57	23.53	24092	1
28.54	23.50	24093	6
28.52	23.49	24099	5
28.50	23.47	24104	77
28.46	23.43	24181	282
28.45	23.42	24463	23
28.38	23.35	24486	12
28.36	23.33	24498	19
28.35	23.32	24517	35
28.33	23.30	24552	32
28.31	23.28	24584	1
28.29	23.26	24585	11
28.28	23.25	24596	35
28.27	23.24	24631	61
28.22	23.20	24692	9
28.20	23.18	24701	56
28.18	23.16	24757	6
28.17	23.15	24763	3
28.15	23.13	24766	14
28.13	23.11	24780	3
28.12	23.10	24783	8
28.10	23.08	24791	5
28.09	23.07	24796	14
28.08	23.06	24810	19
28.06	23.04	24829	33
28.05	23.03	24862	38
27.97	22.95	24900	76
27.96	22.94	24976	6
27.95	22.93	24982	25
27.90	22.88	25007	60
27.87	22.85	25067	18
27.86	22.84	25085	382
27.85	22.84	25467	207
27.84	22.83	25674	13
27.82	22.81	25687	36
27.79	22.78	25723	3
27.77	22.76	25726	24
27.76	22.75	25750	50
27.72	22.71	25800	10
27.71	22.70	25810	139
27.68	22.68	25949	78
27.67	22.67	26027	2
27.64	22.64	26029	10
27.62	22.62	26039	31
27.61	22.61	26070	50
27.60	22.60	26120	27
27.56	22.56	26147	83
27.52	22.52	26230	34
27.49	22.49	26264	5
27.48	22.48	26269	121
27.47	22.47	26390	62
27.46	22.47	26452	11
27.44	22.45	26463	6
27.43	22.44	26469	15
27.38	22.39	26484	21
27.37	22.38	26505	16
27.33	22.34	26521	11
27.32	22.33	26532	53
27.31	22.32	26585	135
27.27	22.28	26720	97
27.25	22.26	26817	16
27.21	22.22	26833	3
27.20	22.21	26836	210
27.18	22.20	27046	1
27.17	22.19	27047	67
27.15	22.17	27114	6
27.14	22.16	27120	17
27.10	22.12	27137	35
27.07	22.09	27172	1
27.06	22.08	27173	67
27.03	22.05	27240	50
27.02	22.04	27290	862
26.98	22.01	28152	52
26.97	22.00	28204	1
26.94	21.97	28205	16
26.93	21.96	28221	59
26.92	21.95	28280	5
26.91	21.94	28285	1
26.89	21.92	28286	1
26.88	21.91	28287	44
26.87	21.91	28331	6
26.86	21.90	28337	24
26.84	21.88	28361	39
26.82	21.86	28400	8
26.80	21.84	28408	42
26.79	21.83	28450	8
26.78	21.82	28458	28
26.77	21.81	28486	39
26.75	21.79	28525	79
26.73	21.77	28604	20
26.70	21.74	28624	22
26.68	21.72	28646	2
26.67	21.71	28648	50
26.66	21.70	28698	191
26.63	21.67	28889	500
26.61	21.66	29389	7
26.60	21.65	29396	10
26.59	21.64	29406	28
26.58	21.63	29434	3
26.56	21.61	29437	20
26.54	21.59	29457	16
26.53	21.58	29473	120
26.48	21.53	29593	18
26.47	21.52	29611	13
26.46	21.51	29624	24
26.45	21.51	29648	7
26.44	21.50	29655	25
26.43	21.49	29680	2
26.42	21.48	29682	19
26.41	21.47	29701	32
26.37	21.43	29733	106
26.35	21.41	29839	11
26.31	21.37	29850	28
26.30	21.36	29878	15
26.29	21.35	29893	4
26.27	21.33	29897	449
26.24	21.31	30346	11
26.22	21.29	30357	5
26.18	21.25	30362	19
26.17	21.24	30381	24
26.16	21.23	30405	21
26.15	21.22	30426	28
26.14	21.21	30454	31
26.12	21.19	30485	116
26.08	21.15	30601	31
26.07	21.14	30632	18
26.06	21.13	30650	5
26.05	21.12	30655	21
26.04	21.11	30676	47
26.02	21.09	30723	10
26.01	21.08	30733	7
26.00	21.07	30740	5
25.98	21.05	30745	2
25.96	21.03	30747	3
25.95	21.02	30750	97
25.92	20.99	30847	348
25.88	20.96	31195	2
25.86	20.94	31197	13
25.81	20.89	31210	5
25.80	20.88	31215	14
25.79	20.87	31229	12
25.78	20.86	31241	79
25.77	20.85	31320	4
25.76	20.84	31324	10
25.75	20.83	31334	113
25.71	20.79	31447	221
25.68	20.76	31668	58
25.66	20.74	31726	71
25.65	20.74	31797	8
25.63	20.72	31805	14
25.61	20.70	31819	423
25.59	20.68	32242	35
25.57	20.66	32277	115
25.52	20.61	32392	90
25.47	20.56	32482	5
25.45	20.54	32487	18
25.44	20.54	32505	14
25.43	20.53	32519	31
25.42	20.52	32550	302
25.39	20.49	32852	18
25.37	20.47	32870	128
25.34	20.44	32998	35
25.31	20.41	33033	10
25.29	20.39	33043	31
25.28	20.38	33074	26
25.27	20.37	33100	54
25.24	20.34	33154	57
25.22	20.32	33211	21
25.20	20.30	33232	3
25.18	20.28	33235	1
25.16	20.26	33236	10
25.15	20.25	33246	38
25.14	20.25	33284	17
25.13	20.24	33301	15
25.11	20.22	33316	10
25.08	20.19	33326	6
25.07	20.18	33332	100
25.06	20.17	33432	89
25.02	20.13	33521	59
25.00	20.11	33580	61
24.99	20.10	33641	4
24.98	20.09	33645	11
24.91	20.02	33656	1
24.90	20.01	33657	70
24.89	20.00	33727	40
24.88	19.99	33767	17
24.86	19.97	33784	10
24.84	19.95	33794	3
24.83	19.94	33797	46
24.82	19.93	33843	131
24.81	19.92	33974	4
24.78	19.89	33978	262
24.75	19.87	34240	34
24.73	19.85	34274	14
24.72	19.84	34288	5
24.71	19.83	34293	249
24.69	19.81	34542	43
24.67	19.79	34585	32
24.66	19.78	34617	4
24.62	19.74	34621	36
24.61	19.73	34657	29
24.58	19.70	34686	159
24.57	19.70	34845	94
24.55	19.68	34939	162
24.54	19.67	35101	7
24.52	19.65	35108	70
24.46	19.59	35178	15
24.45	19.58	35193	130
24.43	19.56	35323	21
24.42	19.55	35344	65
24.40	19.53	35409	91
24.37	19.50	35500	95
24.36	19.49	35595	18
24.35	19.48	35613	15
24.32	19.45	35628	19
24.29	19.43	35647	5
24.28	19.42	35652	4
24.27	19.41	35656	79
24.26	19.40	35735	169
24.25	19.39	35904	1
24.23	19.37	35905	371
24.22	19.36	36276	1
24.21	19.35	36277	466
24.18	19.33	36743	9
24.17	19.32	36752	1
24.15	19.30	36753	32
24.14	19.29	36785	5
24.13	19.28	36790	47
24.12	19.27	36837	13
24.11	19.26	36850	22
24.10	19.25	36872	1
24.09	19.24	36873	83
24.06	19.21	36956	1
24.05	19.20	36957	4
24.01	19.16	36961	61
24.00	19.15	37022	31
23.99	19.14	37053	38
23.96	19.11	37091	27
23.95	19.10	37118	25
23.91	19.06	37143	16
23.88	19.03	37159	27
23.86	19.01	37186	72
23.84	18.99	37258	2
23.82	18.97	37260	4
23.81	18.96	37264	65
23.76	18.92	37329	170
23.73	18.89	37499	5
23.72	18.88	37504	42
23.69	18.85	37546	8
23.67	18.83	37554	48
23.66	18.82	37602	13
23.65	18.81	37615	23
23.64	18.80	37638	8
23.60	18.76	37646	93
23.56	18.72	37739	41
23.55	18.71	37780	25
23.53	18.69	37805	97
23.52	18.68	37902	68
23.51	18.67	37970	89
23.50	18.66	38059	12
23.47	18.63	38071	79
23.46	18.62	38150	239
23.44	18.61	38389	1
23.42	18.59	38390	32
23.39	18.56	38422	56
23.38	18.55	38478	44
23.37	18.54	38522	4
23.35	18.52	38526	50
23.32	18.49	38576	3
23.31	18.48	38579	10
23.28	18.45	38589	31
23.25	18.42	38620	41
23.24	18.41	38661	166
23.23	18.40	38827	9
23.20	18.37	38836	123
23.19	18.36	38959	245
23.18	18.36	39204	1
23.17	18.35	39205	12
23.16	18.34	39217	303
23.15	18.33	39520	32
23.10	18.28	39552	28
23.08	18.26	39580	57
23.06	18.24	39637	852
23.05	18.24	40489	10
23.03	18.22	40499	15
23.01	18.20	40514	7
23.00	18.19	40521	15
22.98	18.17	40536	155
22.97	18.16	40691	6
22.95	18.14	40697	5
22.93	18.12	40702	47
22.89	18.08	40749	9
22.87	18.06	40758	27
22.86	18.05	40785	123
22.85	18.04	40908	21
22.84	18.04	40929	181
22.83	18.03	41110	756
22.81	18.01	41866	28
22.78	17.99	41894	102
22.76	17.97	41996	10
22.75	17.96	42006	27
22.74	17.95	42033	14
22.72	17.93	42047	8
22.71	17.92	42055	46
22.70	17.91	42101	4
22.66	17.87	42105	46
22.65	17.86	42151	27
22.64	17.85	42178	31
22.63	17.84	42209	14
22.62	17.83	42223	2
22.59	17.80	42225	2
22.58	17.79	42227	42
22.57	17.78	42269	8
22.56	17.77	42277	12
22.55	17.76	42289	70
22.53	17.74	42359	56
22.52	17.73	42415	30
22.50	17.71	42445	25
22.48	17.69	42470	7
22.47	17.68	42477	106
22.46	17.67	42583	55
22.45	17.66	42638	24
22.40	17.61	42662	10
22.39	17.60	42672	28
22.38	17.59	42700	36
22.37	17.58	42736	5
22.36	17.57	42741	47
22.35	17.56	42788	47
22.34	17.55	42835	5
22.33	17.54	42840	38
22.31	17.53	42878	25
22.29	17.51	42903	32
22.25	17.47	42935	22
22.22	17.44	42957	44
22.21	17.43	43001	37
22.20	17.42	43038	45
22.18	17.40	43083	11
22.15	17.37	43094	197
22.13	17.35	43291	7
22.11	17.33	43298	8
22.08	17.30	43306	103
22.07	17.29	43409	54
22.06	17.28	43463	40
22.05	17.27	43503	11
22.03	17.25	43514	4
22.02	17.24	43518	21
21.97	17.19	43539	213
21.96	17.18	43752	33
21.95	17.17	43785	9
21.91	17.13	43794	37
21.89	17.11	43831	448
21.86	17.09	44279	298
21.85	17.08	44577	22
21.84	17.07	44599	50
21.81	17.04	44649	71
21.76	16.99	44720	24
21.75	16.98	44744	14
21.73	16.96	44758	12
21.68	16.91	44770	37
21.66	16.89	44807	11
21.65	16.88	44818	27
21.63	16.86	44845	705
21.62	16.86	45550	2
21.61	16.85	45552	281
21.58	16.82	45833	225
21.57	16.82	46058	7
21.56	16.81	46065	10
21.55	16.80	46075	21
21.54	16.79	46096	1
21.51	16.76	46097	31
21.50	16.75	46128	22
21.49	16.74	46150	9
21.47	16.72	46159	1377
21.44	16.70	47536	2
21.43	16.69	47538	192
21.41	16.67	47730	225
21.39	16.65	47955	149
21.35	16.62	48104	228
21.34	16.61	48332	25
21.33	16.60	48357	137
21.31	16.58	48494	34
21.30	16.57	48528	21
21.28	16.55	48549	56
21.24	16.51	48605	25
21.21	16.48	48630	113
21.19	16.46	48743	183
21.18	16.45	48926	13
21.17	16.44	48939	42
21.16	16.43	48981	47
21.14	16.41	49028	27
21.13	16.40	49055	1
21.12	16.39	49056	1
21.10	16.37	49057	17
21.08	16.35	49074	5
21.06	16.33	49079	97
21.05	16.32	49176	52
21.04	16.32	49228	86
21.03	16.31	49314	1
21.02	16.30	49315	2
21.01	16.29	49317	5
21.00	16.28	49322	4
20.95	16.23	49326	128
20.94	16.22	49454	21
20.92	16.20	49475	33
20.88	16.16	49508	53
20.87	16.15	49561	1
20.86	16.14	49562	214
20.85	16.13	49776	44
20.83	16.11	49820	10
20.79	16.07	49830	66
20.77	16.05	49896	50
20.76	16.04	49946	164
20.75	16.03	50110	483
20.74	16.03	50593	100
20.71	16.00	50693	35
20.67	15.96	50728	1
20.66	15.95	50729	43
20.64	15.93	50772	49
20.63	15.92	50821	124
20.61	15.90	50945	4
20.60	15.89	50949	38
20.59	15.88	50987	75
20.58	15.87	51062	13
20.56	15.85	51075	1
20.55	15.84	51076	1
20.54	15.83	51077	565
20.53	15.83	51642	16
20.51	15.81	51658	8
20.48	15.78	51666	58
20.46	15.76	51724	46
20.45	15.75	51770	60
20.44	15.74	51830	23
20.41	15.71	51853	15
20.39	15.69	51868	5
20.38	15.68	51873	138
20.37	15.67	52011	27
20.35	15.65	52038	156
20.34	15.64	52194	108
20.30	15.60	52302	98
20.28	15.58	52400	56
20.27	15.57	52456	30
20.26	15.56	52486	260
20.23	15.54	52746	35
20.21	15.52	52781	3
20.19	15.50	52784	29
20.17	15.48	52813	108
20.16	15.47	52921	18
20.14	15.45	52939	68
20.13	15.44	53007	5
20.12	15.43	53012	1162
20.07	15.39	54174	8
20.05	15.37	54182	158
20.04	15.36	54340	199
20.03	15.35	54539	66
20.02	15.34	54605	8
20.01	15.33	54613	134
20.00	15.32	54747	1
19.98	15.30	54748	1
19.96	15.28	54749	186
19.95	15.27	54935	50
19.94	15.26	54985	48
19.92	15.24	55033	26
19.89	15.21	55059	348
19.87	15.20	55407	9
19.86	15.19	55416	192
19.84	15.17	55608	26
19.80	15.13	55634	22
19.79	15.12	55656	8
19.78	15.11	55664	24
19.77	15.10	55688	80
19.76	15.09	55768	92
19.73	15.06	55860	1
19.71	15.04	55861	10
19.70	15.03	55871	2
19.69	15.02	55873	15
19.68	15.01	55888	68
19.67	15.00	55956	86
19.64	14.97	56042	105
19.63	14.96	56147	63
19.62	14.95	56210	6
19.61	14.94	56216	1065
19.57	14.91	57281	769
19.55	14.90	58050	33
19.54	14.89	58083	27
19.53	14.88	58110	35
19.51	14.86	58145	87
19.50	14.85	58232	1
19.48	14.83	58233	57
19.47	14.82	58290	15
19.43	14.78	58305	21
19.42	14.77	58326	47
19.41	14.76	58373	1
19.39	14.74	58374	8
19.38	14.73	58382	72
19.37	14.72	58454	114
19.36	14.71	58568	52
19.35	14.70	58620	1
19.34	14.69	58621	34
19.32	14.67	58655	33
19.30	14.65	58688	20
19.29	14.64	58708	9
19.28	14.63	58717	7
19.27	14.62	58724	1
19.26	14.61	58725	86
19.25	14.60	58811	15
19.23	14.58	58826	324
19.22	14.58	59150	8
19.14	14.50	59158	358
19.12	14.48	59516	3
19.07	14.43	59519	7
19.05	14.41	59526	115
19.04	14.40	59641	21
19.03	14.39	59662	1
19.02	14.38	59663	64
19.00	14.36	59727	16
18.98	14.34	59743	13
18.96	14.32	59756	36
18.93	14.29	59792	286
18.91	14.27	60078	5
18.89	14.25	60083	175
18.87	14.23	60258	59
18.86	14.22	60317	31
18.84	14.20	60348	46
18.82	14.18	60394	45
18.80	14.16	60439	793
18.79	14.16	61232	96
18.77	14.14	61328	19
18.75	14.12	61347	71
18.73	14.10	61418	95
18.72	14.09	61513	402
18.71	14.08	61915	2
18.68	14.05	61917	23
18.67	14.05	61940	429
18.66	14.04	62369	25
18.64	14.02	62394	545
18.63	14.01	62939	73
18.62	14.00	63012	8
18.61	13.99	63020	36
18.59	13.97	63056	46
18.55	13.93	63102	180
18.54	13.92	63282	89
18.53	13.91	63371	29
18.52	13.91	63400	15
18.51	13.90	63415	2
18.50	13.89	63417	766
18.48	13.87	64183	150
18.46	13.85	64333	1
18.45	13.84	64334	95
18.43	13.82	64429	18
18.42	13.81	64447	68
18.39	13.78	64515	382
18.37	13.77	64897	377
18.36	13.76	65274	43
18.34	13.74	65317	140
18.32	13.72	65457	272
18.25	13.65	65729	8
18.23	13.63	65737	255
18.18	13.58	65992	46
18.17	13.57	66038	8
18.14	13.54	66046	49
18.13	13.53	66095	94
18.12	13.52	66189	44
18.11	13.51	66233	50
18.09	13.49	66283	18
18.07	13.47	66301	13
18.05	13.45	66314	57
18.03	13.44	66371	103
18.02	13.43	66474	7
18.01	13.42	66481	1
18.00	13.41	66482	99
17.98	13.39	66581	44
17.96	13.37	66625	319
17.95	13.36	66944	2
17.94	13.35	66946	310
17.92	13.33	67256	166
17.91	13.32	67422	20
17.88	13.29	67442	69
17.87	13.28	67511	33
17.84	13.25	67544	189
17.82	13.23	67733	75
17.80	13.21	67808	23
17.78	13.19	67831	21
17.77	13.18	67852	13
17.75	13.16	67865	4
17.72	13.13	67869	52
17.71	13.13	67921	14
17.70	13.12	67935	56
17.69	13.11	67991	50
17.68	13.10	68041	19
17.67	13.09	68060	7
17.66	13.08	68067	86
17.64	13.06	68153	69
17.62	13.04	68222	542
17.60	13.02	68764	14
17.59	13.01	68778	41
17.57	12.99	68819	6
17.55	12.97	68825	56
17.53	12.95	68881	61
17.52	12.94	68942	24
17.51	12.93	68966	201
17.50	12.92	69167	2104
17.48	12.92	71271	47
17.47	12.91	71318	22
17.46	12.90	71340	52
17.44	12.88	71392	53
17.43	12.87	71445	270
17.39	12.83	71715	866
17.38	12.82	72581	251
17.36	12.81	72832	1
17.35	12.80	72833	71
17.34	12.79	72904	220
17.32	12.77	73124	216
17.28	12.73	73340	27
17.26	12.71	73367	59
17.23	12.68	73426	368
17.22	12.67	73794	127
17.21	12.66	73921	44
17.18	12.63	73965	1355
17.16	12.62	75320	21
17.14	12.60	75341	41
17.13	12.59	75382	19
17.12	12.58	75401	58
17.11	12.57	75459	1
17.10	12.56	75460	381
17.09	12.55	75841	78
17.07	12.53	75919	5
17.05	12.51	75924	116
17.03	12.49	76040	20
17.02	12.48	76060	61
17.01	12.47	76121	40
16.98	12.44	76161	54
16.97	12.44	76215	123
16.95	12.42	76338	461
16.93	12.40	76799	101
16.92	12.39	76900	47
16.91	12.38	76947	8
16.88	12.35	76955	75
16.86	12.33	77030	65
16.85	12.32	77095	49
16.84	12.31	77144	3
16.82	12.29	77147	92
16.80	12.27	77239	25
16.79	12.26	77264	77
16.78	12.25	77341	33
16.77	12.24	77374	139
16.75	12.22	77513	49
16.73	12.20	77562	2
16.72	12.19	77564	29
16.70	12.17	77593	733
16.69	12.17	78326	129
16.64	12.12	78455	87
16.63	12.11	78542	5
16.62	12.10	78547	143
16.60	12.08	78690	4
16.57	12.05	78694	173
16.55	12.03	78867	56
16.54	12.02	78923	14
16.53	12.01	78937	124
16.52	12.00	79061	15
16.50	11.98	79076	2
16.48	11.96	79078	14
16.47	11.95	79092	30
16.46	11.94	79122	3
16.45	11.93	79125	115
16.44	11.92	79240	82
16.43	11.91	79322	61
16.42	11.90	79383	20
16.41	11.89	79403	299
16.39	11.87	79702	9
16.36	11.84	79711	76
16.34	11.83	79787	295
16.32	11.81	80082	1089
16.30	11.79	81171	123
16.29	11.78	81294	9
16.28	11.77	81303	76
16.25	11.74	81379	9
16.23	11.72	81388	18
16.22	11.71	81406	1309
16.21	11.71	82715	52
16.20	11.70	82767	56
16.19	11.69	82823	86
16.17	11.67	82909	1
16.14	11.64	82910	132
16.12	11.62	83042	136
16.11	11.61	83178	69
16.10	11.60	83247	49
16.09	11.59	83296	196
16.07	11.57	83492	58
16.05	11.56	83550	54
16.04	11.55	83604	199
16.03	11.54	83803	54
16.02	11.53	83857	25
16.01	11.52	83882	234
15.98	11.49	84116	70
15.96	11.47	84186	334
15.92	11.43	84520	20
15.91	11.42	84540	132
15.90	11.41	84672	7
15.89	11.40	84679	35
15.88	11.39	84714	958
15.84	11.36	85672	105
15.82	11.34	85777	6
15.81	11.33	85783	118
15.80	11.32	85901	95
15.79	11.31	85996	1
15.77	11.29	85997	5
15.75	11.27	86002	955
15.74	11.26	86957	6
15.73	11.25	86963	567
15.72	11.25	87530	92
15.71	11.24	87622	61
15.68	11.21	87683	10
15.66	11.19	87693	30
15.65	11.18	87723	86
15.63	11.16	87809	28
15.62	11.15	87837	205
15.61	11.14	88042	213
15.59	11.12	88255	12
15.58	11.11	88267	37
15.56	11.09	88304	18
15.55	11.08	88322	68
15.53	11.06	88390	232
15.52	11.05	88622	126
15.51	11.04	88748	53
15.48	11.01	88801	3
15.47	11.00	88804	393
15.46	10.99	89197	125
15.45	10.98	89322	662
15.43	10.97	89984	141
15.42	10.96	90125	1
15.41	10.95	90126	161
15.40	10.94	90287	99
15.39	10.93	90386	131
15.36	10.90	90517	36
15.35	10.89	90553	11
15.34	10.88	90564	114
15.31	10.85	90678	17
15.30	10.84	90695	279
15.29	10.83	90974	128
15.28	10.82	91102	4
15.26	10.80	91106	2403
15.25	10.80	93509	60
15.23	10.78	93569	54
15.22	10.77	93623	22
15.20	10.75	93645	234
15.17	10.73	93879	35
15.16	10.72	93914	217
15.15	10.71	94131	604
15.13	10.69	94735	11
15.12	10.68	94746	2
15.10	10.66	94748	34
15.09	10.65	94782	1
15.08	10.64	94783	26
15.07	10.63	94809	362
15.05	10.61	95171	25
15.04	10.60	95196	1
15.03	10.59	95197	6
15.01	10.57	95203	4
15.00	10.56	95207	211
14.99	10.55	95418	132
14.98	10.54	95550	2
14.97	10.53	95552	208
14.96	10.52	95760	1289
14.94	10.51	97049	69
14.92	10.49	97118	55
14.91	10.48	97173	8
14.90	10.47	97181	280
14.89	10.46	97461	98
14.87	10.44	97559	352
14.85	10.42	97911	2
14.84	10.41	97913	59
14.83	10.40	97972	66
14.82	10.39	98038	78
14.81	10.38	98116	185
14.77	10.35	98301	41
14.75	10.33	98342	1
14.73	10.31	98343	123
14.72	10.30	98466	1
14.71	10.29	98467	813
14.69	10.27	99280	542
14.67	10.25	99822	14
14.66	10.24	99836	1
14.65	10.23	99837	19
14.62	10.20	99856	265
14.61	10.19	100121	70
14.58	10.16	100191	1
14.57	10.15	100192	28
14.55	10.13	100220	46
14.54	10.12	100266	37
14.53	10.11	100303	143
14.51	10.10	100446	414
14.50	10.09	100860	83
14.49	10.08	100943	105
14.48	10.07	101048	501
14.47	10.06	101549	1
14.44	10.03	101550	174
14.42	10.01	101724	31
14.41	10.00	101755	45
14.40	9.99	101800	351
14.38	9.97	102151	129
14.37	9.96	102280	106
14.35	9.94	102386	1456
14.34	9.94	103842	21
14.33	9.93	103863	40
14.31	9.91	103903	1
14.30	9.90	103904	93
14.29	9.89	103997	169
14.28	9.88	104166	4
14.27	9.87	104170	14
14.26	9.86	104184	184
14.25	9.85	104368	532
14.23	9.83	104900	32
14.21	9.81	104932	1452
14.20	9.81	106384	18
14.19	9.80	106402	87
14.18	9.79	106489	99
14.17	9.78	106588	276
14.15	9.76	106864	319
14.13	9.74	107183	48
14.11	9.72	107231	2
14.10	9.71	107233	30
14.09	9.70	107263	71
14.08	9.69	107334	199
14.07	9.68	107533	1
14.06	9.67	107534	13
14.05	9.66	107547	7
14.04	9.65	107554	5
14.03	9.64	107559	98
14.01	9.63	107657	4
14.00	9.62	107661	564
13.95	9.57	108225	95
13.93	9.55	108320	19
13.92	9.54	108339	187
13.91	9.53	108526	172
13.90	9.52	108698	143
13.88	9.50	108841	47
13.87	9.49	108888	505
13.86	9.48	109393	1
13.85	9.47	109394	105
13.83	9.45	109499	1111
13.81	9.44	110610	226
13.80	9.43	110836	73
13.78	9.41	110909	12
13.77	9.40	110921	5
13.75	9.38	110926	233
13.74	9.37	111159	131
13.73	9.36	111290	3345
13.71	9.35	114635	139
13.70	9.34	114774	61
13.68	9.32	114835	27
13.67	9.31	114862	336
13.62	9.26	115198	95
13.60	9.24	115293	97
13.59	9.24	115390	701
13.55	9.20	116091	101
13.54	9.19	116192	2
13.53	9.18	116194	586
13.52	9.17	116780	87
13.49	9.14	116867	56
13.48	9.13	116923	2
13.47	9.12	116925	35
13.46	9.11	116960	123
13.45	9.10	117083	126
13.44	9.09	117209	558
13.43	9.08	117767	3
13.42	9.07	117770	6
13.39	9.04	117776	69
13.38	9.03	117845	151
13.37	9.02	117996	403
13.36	9.02	118399	238
13.35	9.01	118637	65
13.32	8.98	118702	197
13.31	8.97	118899	442
13.29	8.95	119341	144
13.28	8.94	119485	103
13.27	8.93	119588	76
13.26	8.92	119664	16
13.25	8.91	119680	3
13.21	8.87	119683	107
13.20	8.86	119790	2
13.19	8.85	119792	1585
13.18	8.85	121377	128
13.15	8.82	121505	1
13.14	8.81	121506	135
13.13	8.80	121641	23
13.10	8.77	121664	87
13.09	8.76	121751	372
13.08	8.75	122123	13
13.07	8.74	122136	1274
13.06	8.73	123410	12
13.05	8.72	123422	19
13.04	8.71	123441	22
13.03	8.70	123463	8
13.02	8.69	123471	88
13.01	8.68	123559	14
13.00	8.68	123573	56
12.99	8.67	123629	330
12.97	8.65	123959	3012
12.96	8.65	126971	9
12.95	8.64	126980	3
12.94	8.63	126983	106
12.93	8.62	127089	59
12.92	8.61	127148	123
12.90	8.59	127271	423
12.89	8.58	127694	3
12.87	8.56	127697	311
12.86	8.55	128008	143
12.85	8.54	128151	157
12.84	8.53	128308	125
12.83	8.52	128433	9
12.81	8.50	128442	25
12.80	8.49	128467	105
12.79	8.48	128572	1266
12.78	8.48	129838	297
12.77	8.47	130135	102
12.76	8.46	130237	16
12.75	8.45	130253	16
12.74	8.44	130269	28
12.73	8.43	130297	5
12.72	8.42	130302	99
12.71	8.41	130401	72
12.70	8.40	130473	117
12.69	8.39	130590	11
12.68	8.38	130601	646
12.66	8.36	131247	23
12.65	8.35	131270	235
12.63	8.33	131505	43
12.62	8.32	131548	1016
12.58	8.29	132564	488
12.57	8.28	133052	21
12.55	8.26	133073	218
12.54	8.25	133291	39
12.52	8.23	133330	2093
12.51	8.22	135423	153
12.47	8.19	135576	368
12.45	8.17	135944	281
12.43	8.15	136225	2
12.40	8.12	136227	320
12.39	8.11	136547	4
12.38	8.10	136551	1545
12.37	8.09	138096	243
12.34	8.06	138339	2
12.33	8.05	138341	4
12.32	8.04	138345	321
12.31	8.04	138666	302
12.29	8.02	138968	5
12.28	8.01	138973	411
12.27	8.00	139384	74
12.26	7.99	139458	302
12.25	7.98	139760	83
12.24	7.97	139843	2
12.23	7.96	139845	1
12.22	7.95	139846	6
12.21	7.94	139852	1
12.20	7.93	139853	576
12.19	7.92	140429	3865
12.18	7.92	144294	330
12.17	7.91	144624	12
12.14	7.88	144636	1
12.13	7.87	144637	57
12.12	7.86	144694	99
12.11	7.85	144793	88
12.10	7.84	144881	3
12.08	7.82	144884	300
12.07	7.82	145184	146
12.06	7.81	145330	7
12.04	7.79	145337	320
12.02	7.77	145657	16
12.01	7.76	145673	38
12.00	7.75	145711	44
11.99	7.74	145755	340
11.98	7.73	146095	82
11.97	7.72	146177	101
11.96	7.71	146278	106
11.95	7.70	146384	40
11.94	7.69	146424	3
11.93	7.68	146427	15
11.92	7.67	146442	11
11.91	7.66	146453	6
11.90	7.65	146459	1097
11.89	7.64	147556	118
11.88	7.63	147674	131
11.86	7.61	147805	218
11.84	7.59	148023	147
11.83	7.58	148170	20
11.81	7.56	148190	1243
11.80	7.56	149433	1445
11.79	7.55	150878	3
11.78	7.54	150881	183
11.77	7.53	151064	1251
11.75	7.52	152315	15
11.74	7.51	152330	304
11.73	7.50	152634	100
11.72	7.49	152734	329
11.71	7.48	153063	174
11.69	7.46	153237	25
11.66	7.43	153262	110
11.65	7.42	153372	134
11.64	7.41	153506	110
11.63	7.40	153616	2592
11.60	7.38	156208	41
11.59	7.37	156249	42
11.58	7.36	156291	252
11.56	7.34	156543	228
11.55	7.33	156771	299
11.54	7.32	157070	77
11.51	7.29	157147	264
11.49	7.27	157411	28
11.47	7.25	157439	6
11.46	7.24	157445	931
11.45	7.23	158376	134
11.44	7.22	158510	820
11.43	7.22	159330	8
11.39	7.18	159338	86
11.38	7.17	159424	443
11.37	7.16	159867	237
11.36	7.15	160104	185
11.34	7.13	160289	2565
11.33	7.12	162854	87
11.32	7.12	162941	200
11.31	7.11	163141	33
11.30	7.10	163174	334
11.29	7.09	163508	1
11.27	7.07	163509	1316
11.25	7.05	164825	84
11.24	7.04	164909	291
11.23	7.03	165200	208
11.22	7.02	165408	1454
11.21	7.02	166862	2651
11.19	7.00	169513	1
11.17	6.98	169514	122
11.16	6.97	169636	160
11.15	6.96	169796	55
11.14	6.95	169851	345
11.13	6.94	170196	6
11.11	6.92	170202	1
11.09	6.90	170203	112
11.08	6.89	170315	106
11.06	6.87	170421	437
11.04	6.86	170858	180
11.03	6.85	171038	228
11.02	6.84	171266	3
11.01	6.83	171269	155
10.99	6.81	171424	1590
10.97	6.79	173014	69
10.96	6.78	173083	99
10.95	6.77	173182	1
10.94	6.76	173183	1
10.93	6.75	173184	763
10.92	6.74	173947	63
10.91	6.73	174010	297
10.90	6.72	174307	460
10.89	6.72	174767	24
10.86	6.69	174791	79
10.85	6.68	174870	2
10.84	6.67	174872	443
10.83	6.66	175315	181
10.81	6.64	175496	171
10.78	6.61	175667	253
10.77	6.60	175920	1261
10.76	6.59	177181	295
10.75	6.58	177476	41
10.74	6.57	177517	1
10.73	6.56	177518	203
10.71	6.54	177721	1186
10.70	6.54	178907	921
10.69	6.53	179828	224
10.67	6.51	180052	278
10.66	6.50	180330	64
10.65	6.49	180394	132
10.64	6.48	180526	137
10.62	6.46	180663	353
10.61	6.45	181016	4
10.59	6.43	181020	213
10.56	6.40	181233	808
10.55	6.39	182041	251
10.54	6.38	182292	56
10.53	6.37	182348	135
10.52	6.36	182483	174
10.50	6.34	182657	234
10.49	6.34	182891	4
10.48	6.33	182895	609
10.47	6.32	183504	130
10.43	6.28	183634	36
10.42	6.27	183670	6
10.41	6.26	183676	472
10.40	6.25	184148	139
10.39	6.24	184287	3
10.38	6.23	184290	42
10.37	6.22	184332	1
10.36	6.21	184333	204
10.35	6.20	184537	495
10.34	6.19	185032	2
10.33	6.18	185034	3002
10.32	6.18	188036	263
10.30	6.16	188299	1
10.29	6.15	188300	123
10.28	6.14	188423	1668
10.26	6.12	190091	230
10.25	6.11	190321	3350
10.24	6.11	193671	241
10.23	6.10	193912	10
10.22	6.09	193922	640
10.19	6.06	194562	7870
10.18	6.06	202432	2024
10.17	6.06	204456	940
10.15	6.05	205396	597
10.13	6.03	205993	145
10.11	6.01	206138	158
10.10	6.00	206296	23
10.09	5.99	206319	698
10.08	5.98	207017	1182
10.07	5.97	208199	54
10.03	5.93	208253	1
10.02	5.92	208254	669
10.01	5.91	208923	87
10.00	5.90	209010	8
9.99	5.89	209018	249
9.98	5.88	209267	62
9.96	5.86	209329	738
9.94	5.85	210067	210
9.92	5.83	210277	13
9.91	5.82	210290	51
9.90	5.81	210341	511
9.89	5.80	210852	24
9.88	5.79	210876	9
9.86	5.77	210885	236
9.85	5.76	211121	77
9.84	5.75	211198	336
9.82	5.73	211534	860
9.81	5.72	212394	2
9.80	5.71	212396	1127
9.78	5.69	213523	4
9.77	5.68	213527	481
9.76	5.67	214008	1
9.75	5.66	214009	85
9.74	5.65	214094	375
9.72	5.63	214469	411
9.71	5.63	214880	645
9.69	5.61	215525	18
9.68	5.60	215543	4
9.67	5.59	215547	3580
9.66	5.58	219127	244
9.65	5.57	219371	1157
9.61	5.54	220528	564
9.60	5.53	221092	203
9.59	5.52	221295	330
9.58	5.51	221625	221
9.57	5.50	221846	4
9.55	5.48	221850	525
9.53	5.46	222375	5
9.52	5.45	222380	188
9.51	5.44	222568	16
9.50	5.43	222584	676
9.49	5.42	223260	13
9.47	5.40	223273	252
9.46	5.39	223525	473
9.44	5.37	223998	486
9.42	5.35	224484	752
9.41	5.35	225236	194
9.40	5.34	225430	57
9.39	5.33	225487	3
9.38	5.32	225490	312
9.36	5.30	225802	84
9.35	5.29	225886	1252
9.34	5.28	227138	246
9.33	5.27	227384	388
9.32	5.26	227772	7010
9.31	5.26	234782	25
9.28	5.23	234807	1
9.27	5.22	234808	1244
9.26	5.22	236052	42
9.25	5.21	236094	1940
9.24	5.20	238034	223
9.23	5.19	238257	6
9.22	5.18	238263	591
9.19	5.15	238854	207
9.17	5.13	239061	1242
9.16	5.12	240303	1338
9.15	5.12	241641	1
9.14	5.11	241642	4
9.13	5.10	241646	382
9.11	5.08	242028	4055
9.10	5.07	246083	282
9.09	5.06	246365	86
9.08	5.05	246451	5598
9.07	5.05	252049	410
9.06	5.05	252459	9541
9.05	5.05	262000	625
9.03	5.03	262625	387
9.02	5.02	263012	163
9.01	5.01	263175	9
9.00	5.00	263184	385
8.99	4.99	263569	309
8.98	4.98	263878	387
8.97	4.98	264265	265
8.94	4.95	264530	71
8.93	4.94	264601	1
8.92	4.93	264602	686
8.91	4.92	265288	2434
8.90	4.91	267722	35
8.89	4.90	267757	3
8.88	4.89	267760	418
8.86	4.87	268178	553
8.85	4.86	268731	349
8.84	4.85	269080	51
8.83	4.84	269131	758
8.82	4.83	269889	164
8.81	4.82	270053	350
8.80	4.82	270403	3
8.78	4.80	270406	275
8.77	4.79	270681	157
8.76	4.78	270838	2
8.75	4.77	270840	935
8.74	4.76	271775	15
8.73	4.75	271790	710
8.72	4.74	272500	728
8.71	4.73	273228	19
8.69	4.71	273247	877
8.68	4.70	274124	58
8.67	4.69	274182	682
8.66	4.68	274864	1507
8.65	4.67	276371	253
8.64	4.66	276624	5
8.63	4.65	276629	3013
8.61	4.64	279642	6
8.60	4.63	279648	1066
8.59	4.62	280714	2613
8.57	4.61	283327	11
8.55	4.59	283338	76
8.53	4.57	283414	639
8.52	4.56	284053	765
8.51	4.55	284818	2
8.50	4.54	284820	421
8.49	4.53	285241	393
8.48	4.52	285634	20
8.47	4.51	285654	283
8.46	4.50	285937	13
8.44	4.48	285950	2273
8.43	4.47	288223	3
8.42	4.46	288226	1
8.41	4.45	288227	5105
8.40	4.45	293332	146
8.39	4.44	293478	177
8.38	4.43	293655	645
8.36	4.41	294300	566
8.35	4.40	294866	324
8.34	4.39	295190	304
8.33	4.38	295494	602
8.32	4.37	296096	82
8.31	4.36	296178	552
8.30	4.36	296730	16
8.28	4.34	296746	664
8.27	4.33	297410	86
8.26	4.32	297496	3
8.25	4.31	297499	38
8.24	4.30	297537	1366
8.23	4.29	298903	86
8.21	4.27	298989	4
8.19	4.25	298993	3260
8.18	4.24	302253	288
8.17	4.23	302541	3570
8.16	4.23	306111	400
8.15	4.22	306511	67
8.14	4.21	306578	168
8.13	4.20	306746	3
8.11	4.18	306749	276
8.10	4.17	307025	1100
8.09	4.16	308125	2674
8.08	4.16	310799	6
8.07	4.15	310805	1985
8.06	4.14	312790	41
8.05	4.13	312831	273
8.03	4.11	313104	933
8.02	4.10	314037	189
8.01	4.09	314226	312
8.00	4.08	314538	6728
7.99	4.08	321266	437
7.98	4.07	321703	82
7.97	4.06	321785	695
7.96	4.05	322480	959
7.95	4.04	323439	144
7.94	4.03	323583	33
7.93	4.02	323616	2
7.92	4.01	323618	18
7.91	4.00	323636	1332
7.90	3.99	324968	29
7.89	3.98	324997	15
7.88	3.97	325012	2
7.87	3.96	325014	6
7.86	3.95	325020	474
7.85	3.95	325494	856
7.84	3.94	326350	486
7.83	3.93	326836	7202
7.82	3.93	334038	210
7.81	3.92	334248	2
7.80	3.91	334250	265
7.79	3.90	334515	2456
7.78	3.89	336971	926
7.77	3.88	337897	752
7.76	3.87	338649	73
7.75	3.86	338722	457
7.74	3.85	339179	327
7.73	3.84	339506	135
7.72	3.83	339641	780
7.71	3.83	340421	101
7.70	3.82	340522	1958
7.69	3.81	342480	90
7.68	3.80	342570	13
7.67	3.79	342583	5
7.66	3.78	342588	2522
7.65	3.77	345110	2039
7.64	3.76	347149	25
7.63	3.75	347174	632
7.62	3.74	347806	503
7.61	3.74	348309	844
7.60	3.73	349153	354
7.59	3.72	349507	1
7.56	3.69	349508	965
7.55	3.68	350473	8353
7.54	3.68	358826	30
7.53	3.67	358856	5936
7.52	3.67	364792	98
7.51	3.66	364890	327
7.50	3.65	365217	176
7.49	3.64	365393	1451
7.48	3.63	366844	64
7.47	3.62	366908	4
7.46	3.61	366912	262
7.45	3.60	367174	1
7.44	3.59	367175	1211
7.43	3.58	368386	1
7.42	3.57	368387	2766
7.41	3.56	371153	333
7.40	3.55	371486	72
7.39	3.54	371558	14
7.38	3.53	371572	753
7.37	3.52	372325	339
7.36	3.51	372664	65
7.35	3.50	372729	484
7.34	3.50	373213	2
7.33	3.49	373215	840
7.32	3.48	374055	458
7.31	3.47	374513	9
7.30	3.46	374522	526
7.29	3.45	375048	1950
7.28	3.44	376998	364
7.27	3.43	377362	1010
7.25	3.41	378372	291
7.24	3.40	378663	2180
7.23	3.39	380843	276
7.22	3.38	381119	1341
7.21	3.38	382460	9
7.20	3.37	382469	47
7.19	3.36	382516	263
7.18	3.35	382779	11
7.17	3.34	382790	943
7.16	3.33	383733	489
7.15	3.32	384222	12
7.14	3.31	384234	301
7.13	3.30	384535	93
7.12	3.29	384628	1054
7.11	3.28	385682	23
7.10	3.27	385705	4116
7.09	3.26	389821	247
7.08	3.25	390068	1397
7.07	3.25	391465	1172
7.06	3.24	392637	237
7.05	3.23	392874	26
7.04	3.22	392900	38
7.03	3.21	392938	3071
7.02	3.20	396009	5840
7.01	3.20	401849	204
7.00	3.19	402053	715
6.99	3.18	402768	10
6.98	3.17	402778	226
6.97	3.16	403004	2104
6.96	3.15	405108	24
6.95	3.14	405132	20078
6.94	3.14	425210	98
6.93	3.14	425308	160
6.92	3.13	425468	1929
6.91	3.12	427397	4500
6.90	3.12	431897	24
6.89	3.11	431921	331
6.88	3.10	432252	6
6.87	3.09	432258	2915
6.86	3.08	435173	590
6.85	3.07	435763	253
6.84	3.06	436016	18
6.83	3.05	436034	14
6.82	3.04	436048	948
6.81	3.03	436996	153
6.80	3.02	437149	758
6.79	3.01	437907	4
6.78	3.00	437911	1126
6.77	3.00	439037	277
6.76	2.99	439314	1255
6.75	2.98	440569	472
6.74	2.97	441041	1
6.73	2.96	441042	1732
6.72	2.95	442774	256
6.71	2.94	443030	9
6.70	2.93	443039	28
6.69	2.92	443067	4197
6.68	2.91	447264	15571
6.67	2.91	462835	29
6.66	2.91	462864	2
6.65	2.90	462866	142
6.64	2.89	463008	13049
6.62	2.88	476057	237
6.61	2.87	476294	765
6.60	2.86	477059	1698
6.59	2.85	478757	1
6.58	2.84	478758	823
6.57	2.83	479581	13
6.56	2.82	479594	1
6.55	2.81	479595	11179
6.54	2.81	490774	254
6.53	2.80	491028	4927
6.52	2.80	495955	40
6.51	2.79	495995	1381
6.50	2.78	497376	231
6.49	2.77	497607	74
6.48	2.76	497681	3892
6.47	2.75	501573	3630
6.46	2.75	505203	566
6.45	2.74	505769	44
6.44	2.73	505813	39
6.43	2.72	505852	1886
6.42	2.71	507738	8
6.41	2.70	507746	330
6.40	2.69	508076	837
6.39	2.68	508913	2
6.38	2.67	508915	1928
6.37	2.66	510843	5
6.36	2.65	510848	10
6.35	2.64	510858	23
6.34	2.63	510881	1959
6.33	2.62	512840	3315
6.32	2.62	516155	8
6.31	2.61	516163	9
6.30	2.60	516172	1128
6.29	2.59	517300	89
6.28	2.58	517389	1657
6.27	2.57	519046	1
6.26	2.56	519047	1066
6.25	2.55	520113	13
6.24	2.54	520126	8
6.23	2.53	520134	855
6.22	2.52	520989	2535
6.21	2.51	523524	184
6.20	2.50	523708	5
6.19	2.49	523713	1952
6.18	2.48	525665	563
6.17	2.47	526228	3865
6.16	2.47	530093	27
6.15	2.46	530120	7
6.14	2.45	530127	11039
6.13	2.45	541166	36
6.12	2.44	541202	52
6.11	2.43	541254	1364
6.10	2.42	542618	685
6.09	2.41	543303	66
6.08	2.40	543369	8
6.07	2.39	543377	632
6.06	2.38	544009	95
6.05	2.37	544104	1527
6.04	2.36	545631	103
6.03	2.35	545734	596
6.02	2.34	546330	26
6.01	2.33	546356	5266
6.00	2.32	551622	666
5.99	2.32	552288	2526
5.98	2.31	554814	154
5.97	2.30	554968	6
5.96	2.29	554974	1265
5.95	2.28	556239	19290
5.94	2.28	575529	6896
5.93	2.28	582425	62
5.92	2.27	582487	2142
5.91	2.26	584629	15
5.90	2.25	584644	3
5.89	2.24	584647	1051
5.88	2.23	585698	1383
5.87	2.22	587081	98
5.86	2.21	587179	11200
5.85	2.21	598379	1153
5.84	2.20	599532	1096
5.83	2.19	600628	742
5.82	2.18	601370	5
5.81	2.17	601375	547
5.80	2.16	601922	7
5.79	2.15	601929	1860
5.78	2.14	603789	9975
5.77	2.14	613764	59
5.76	2.13	613823	231
5.75	2.12	614054	1008
5.74	2.11	615062	1782
5.73	2.10	616844	3
5.72	2.09	616847	33
5.71	2.08	616880	1415
5.70	2.07	618295	936
5.69	2.06	619231	2890
5.68	2.06	622121	665
5.67	2.05	622786	2026
5.66	2.04	624812	54
5.65	2.03	624866	34
5.64	2.02	624900	1563
5.63	2.01	626463	930
5.62	2.00	627393	38
5.61	1.99	627431	524
5.60	1.98	627955	37
5.59	1.97	627992	9048
5.58	1.97	637040	330
5.57	1.96	637370	42
5.56	1.95	637412	1
5.55	1.94	637413	2034
5.54	1.93	639447	240
5.53	1.92	639687	104
5.52	1.91	639791	902
5.51	1.90	640693	83488
5.50	1.90	724181	1013
5.48	1.90	725194	997
5.47	1.90	726191	8738
5.46	1.90	734929	6599
5.45	1.90	741528	8004
5.44	1.90	749532	881
5.43	1.89	750413	88
5.42	1.88	750501	1134
5.41	1.87	751635	25621
5.40	1.87	777256	31
5.39	1.86	777287	246
5.38	1.85	777533	16
5.37	1.84	777549	2196
5.36	1.84	779745	5978
5.35	1.83	785723	93
5.34	1.82	785816	255
5.33	1.81	786071	799
5.32	1.80	786870	1259
5.31	1.79	788129	2637
5.30	1.78	790766	6044
5.29	1.77	796810	369
5.28	1.76	797179	1017
5.27	1.76	798196	523
5.26	1.75	798719	848
5.25	1.74	799567	5152
5.24	1.73	804719	1092
5.23	1.72	805811	8352
5.22	1.71	814163	10
5.21	1.70	814173	199
5.20	1.69	814372	6237
5.19	1.69	820609	1227
5.18	1.68	821836	34
5.16	1.66	821870	1783
5.15	1.65	823653	12092
5.14	1.65	835745	1416
5.13	1.64	837161	434
5.12	1.63	837595	989
5.11	1.62	838584	13
5.09	1.60	838597	6456
5.08	1.59	845053	15694
5.07	1.59	860747	36
5.05	1.57	860783	5654
5.04	1.56	866437	7547
5.03	1.55	873984	349
5.01	1.53	874333	95
5.00	1.52	874428	7331
4.99	1.52	881759	29242
4.98	1.52	911001	111
4.97	1.51	911112	1305
4.96	1.50	912417	2011
4.95	1.49	914428	5122
4.94	1.49	919550	63
4.93	1.48	919613	2270
4.92	1.47	921883	36
4.91	1.46	921919	4
4.90	1.45	921923	39947
4.88	1.45	961870	1221
4.87	1.44	963091	6724
4.86	1.43	969815	7099
4.84	1.41	976914	2201
4.83	1.40	979115	10
4.82	1.39	979125	1435
4.80	1.37	980560	6579
4.79	1.37	987139	10537
4.78	1.36	997676	1647
4.76	1.34	999323	6405
4.75	1.34	1005728	2126
4.74	1.33	1007854	33
4.73	1.32	1007887	6751
4.72	1.31	1014638	266
4.71	1.30	1014904	1099
4.70	1.29	1016003	2634
4.69	1.28	1018637	18
4.68	1.27	1018655	20472
4.67	1.27	1039127	308
4.66	1.26	1039435	28
4.65	1.25	1039463	98
4.63	1.23	1039561	7369
4.62	1.22	1046930	5104
4.61	1.22	1052034	8674
4.59	1.20	1060708	6354
4.58	1.19	1067062	1841
4.57	1.18	1068903	391
4.55	1.16	1069294	6339
4.54	1.15	1075633	1199
4.53	1.15	1076832	280
4.51	1.13	1077112	6806
4.50	1.12	1083918	337
4.49	1.11	1084255	37
4.48	1.10	1084292	37133
4.47	1.10	1121425	1088
4.46	1.09	1122513	12
4.45	1.08	1122525	1682
4.44	1.07	1124207	7404
4.43	1.07	1131611	176888
4.42	1.07	1308499	1350
4.41	1.07	1309849	7071
4.40	1.07	1316920	8110
4.38	1.07	1325030	5639
4.37	1.07	1330669	7898
4.36	1.07	1338567	12488
4.34	1.05	1351055	47658
4.33	1.05	1398713	55059
4.32	1.05	1453772	329
4.30	1.05	1454101	17005
4.29	1.04	1471106	17
4.28	1.03	1471123	78
4.26	1.01	1471201	17424
4.25	1.01	1488625	158
4.24	1.00	1488783	916
4.23	0.99	1489699	5674
4.22	0.98	1495373	154
4.21	0.97	1495527	10325
4.20	0.96	1505852	181
4.19	0.95	1506033	5711
4.18	0.94	1511744	700
4.17	0.93	1512444	14500
4.16	0.93	1526944	7090
4.15	0.92	1534034	8039
4.13	0.90	1542073	10220
4.12	0.89	1552293	44078
4.11	0.89	1596371	27
4.09	0.88	1596398	12881
4.08	0.87	1609279	192534
4.07	0.87	1801813	12908
4.05	0.87	1814721	10967
4.04	0.87	1825688	10820
4.03	0.87	1836508	209
4.01	0.86	1836717	9826
4.00	0.85	1846543	10198
3.99	0.84	1856741	8788
3.98	0.83	1865529	19
3.97	0.82	1865548	4462
3.96	0.81	1870010	17439
3.95	0.81	1887449	72
3.94	0.80	1887521	649
3.93	0.79	1888170	8228
3.92	0.78	1896398	56552
3.91	0.78	1952950	374
3.90	0.77	1953324	8182
3.89	0.77	1961506	894
3.88	0.76	1962400	16591
3.87	0.75	1978991	7709
3.86	0.74	1986700	108
3.85	0.73	1986808	11418
3.84	0.72	1998226	6851
3.83	0.72	2005077	37
3.82	0.71	2005114	10568
3.81	0.70	2015682	86112
3.80	0.70	2101794	67
3.79	0.70	2101861	4135
3.78	0.69	2105996	7236
3.77	0.68	2113232	10913
3.76	0.67	2124145	570
3.75	0.66	2124715	8081
3.74	0.65	2132796	10100
3.73	0.64	2142896	65
3.72	0.63	2142961	7405
3.71	0.63	2150366	44
3.70	0.62	2150410	17888
3.69	0.61	2168298	63
3.68	0.60	2168361	3473
3.67	0.59	2171834	16861
3.66	0.58	2188695	92
3.65	0.57	2188787	1631
3.64	0.56	2190418	5841
3.63	0.55	2196259	11425
3.62	0.55	2207684	46147
3.61	0.55	2253831	3181
3.60	0.54	2257012	10561
3.59	0.53	2267573	14512
3.58	0.52	2282085	84
3.57	0.51	2282169	64378
3.56	0.51	2346547	13731
3.55	0.51	2360278	44
3.54	0.50	2360322	69451
3.53	0.50	2429773	23290
3.52	0.49	2453063	225
3.51	0.48	2453288	5198
3.50	0.47	2458486	11729
3.49	0.47	2470215	9485
3.48	0.46	2479700	88
3.47	0.45	2479788	11676
3.46	0.44	2491464	4869
3.45	0.43	2496333	2299
3.44	0.42	2498632	14719
3.43	0.41	2513351	184
3.42	0.40	2513535	586482
3.41	0.40	3100017	14636
3.40	0.40	3114653	24502
3.39	0.40	3139155	3956
3.38	0.40	3143111	17189
3.37	0.40	3160300	58
3.36	0.40	3160358	131012
3.35	0.40	3291370	9571
3.34	0.40	3300941	3988
3.33	0.40	3304929	117
3.32	0.40	3305046	43523
3.31	0.40	3348569	3808
3.30	0.40	3352377	36
3.29	0.40	3352413	75850
3.28	0.40	3428263	30894
3.27	0.39	3459157	4623
3.26	0.38	3463780	66846
3.25	0.38	3530626	4231
3.24	0.37	3534857	29814
3.23	0.37	3564671	326528
3.22	0.37	3891199	4015
3.21	0.37	3895214	44149
3.20	0.37	3939363	2944
3.19	0.37	3942307	380
3.18	0.36	3942687	23127
3.17	0.35	3965814	28316
3.16	0.34	3994130	4499
3.15	0.33	3998629	14042
3.14	0.33	4012671	34413
3.13	0.32	4047084	11525
3.12	0.31	4058609	2656
3.11	0.30	4061265	130
3.10	0.29	4061395	42190
3.09	0.29	4103585	1936
3.08	0.28	4105521	12842
3.07	0.27	4118363	83431
3.06	0.27	4201794	46
3.05	0.26	4201840	13513
3.04	0.25	4215353	31727
3.03	0.24	4247080	2130
3.02	0.23	4249210	10577
3.01	0.22	4259787	2607
3.00	0.21	4262394	281996
2.99	0.21	4544390	3786
2.98	0.21	4548176	12718
2.97	0.21	4560894	34694
2.96	0.21	4595588	101710
2.95	0.20	4697298	13438
2.94	0.20	4710736	31928
2.93	0.19	4742664	12469
2.92	0.18	4755133	254
2.91	0.17	4755387	33469
2.90	0.16	4788856	10143
2.89	0.15	4798999	1118
2.88	0.14	4800117	85089
2.87	0.14	4885206	122
2.86	0.13	4885328	9955
2.85	0.12	4895283	31101
2.84	0.12	4926384	17803
2.83	0.11	4944187	136
2.82	0.10	4944323	31009
2.81	0.09	4975332	8245
2.80	0.08	4983577	1250
2.79	0.07	4984827	35090
2.78	0.06	5019917	752
2.77	0.05	5020669	132820
2.76	0.05	5153489	946
2.75	0.05	5154435	9415
2.74	0.04	5163850	24964
2.73	0.03	5188814	9183
2.72	0.02	5197997	90
2.71	0.01	5198087	186781
2.70	0.01	5384868	38324
2.69	0.01	5423192	46299
2.68	0.00	5469491	600
2.67	0.00	5470091	6723
2.66	0.00	5476814	32355
2.65	0.00	5509169	7196
2.64	0.00	5516365	895
2.63	0.00	5517260	35204
2.62	0.00	5552464	1293
2.61	0.00	5553757	31650
2.60	0.00	5585407	549
2.59	0.00	5585956	5266
2.58	0.00	5591222	29773
2.57	0.00	5620995	90589
2.56	0.00	5711584	25559
2.54	0.00	5737143	41749
2.52	0.00	5778892	37513
2.50	0.00	5816405	28336
2.49	0.00	5844741	8732506
2.48	0.00	14577247	154
2.47	0.00	14577401	489847
2.46	0.00	15067248	875
2.45	0.00	15068123	4036
2.44	0.00	15072159	2573654
2.43	0.00	17645813	468
2.42	0.00	17646281	69633
2.41	0.00	17715914	369869
2.40	0.00	18085783	39360
2.39	0.00	18125143	122
2.38	0.00	18125265	492790
2.37	0.00	18618055	3972
2.36	0.00	18622027	28947
2.35	0.00	18650974	352835
2.34	0.00	19003809	354689
2.33	0.00	19358498	32745
2.31	0.00	19391243	374542
2.29	0.00	19765785	377843
2.27	0.00	20143628	29526
2.25	0.00	20173154	623585
2.24	0.00	20796739	350353
2.23	0.00	21147092	30561
2.22	0.00	21177653	65151
2.21	0.00	21242804	338208
2.20	0.00	21581012	27981
2.19	0.00	21608993	309976
2.18	0.00	21918969	25487
2.17	0.00	21944456	3298
2.16	0.00	21947754	1914954
2.15	0.00	23862708	345
2.14	0.00	23863053	375735
2.13	0.00	24238788	1218
2.12	0.00	24240006	20906
2.11	0.00	24260912	359086
2.10	0.00	24619998	20365
2.09	0.00	24640363	368039
2.08	0.00	25008402	1133
2.06	0.00	25009535	615107
2.04	0.00	25624642	327736
2.02	0.00	25952378	329411
2.00	0.00	26281789	301396
1.99	0.00	26583185	19301
1.98	0.00	26602486	294065
1.97	0.00	26896551	15042
1.96	0.00	26911593	265157
1.95	0.00	27176750	14372
1.94	0.00	27191122	50787
1.93	0.00	27241909	1882776
1.92	0.00	29124685	59966
1.91	0.00	29184651	295599
1.90	0.00	29480250	216311
1.89	0.00	29696561	296730
1.88	0.00	29993291	15219
1.87	0.00	30008510	289515
1.86	0.00	30298025	15605
1.85	0.00	30313630	254342
1.84	0.00	30567972	263730
1.83	0.00	30831702	9356
1.82	0.00	30841058	241656
1.81	0.00	31082714	37962
1.80	0.00	31120676	234375
1.79	0.00	31355051	7846
1.78	0.00	31362897	757917
1.77	0.00	32120814	7549
1.76	0.00	32128363	383098
1.75	0.00	32511461	1132
1.74	0.00	32512593	1743406
1.73	0.00	34255999	228207
1.72	0.00	34484206	9391250
1.71	0.00	43875456	316446
1.70	0.00	44191902	43024
1.69	0.00	44234926	307631
1.68	0.00	44542557	296050
1.67	0.00	44838607	20858
1.66	0.00	44859465	270750
1.65	0.00	45130215	21541283
1.64	0.00	66671498	264241
1.63	0.00	66935739	1031181
1.62	0.00	67966920	623
1.61	0.00	67967543	4016834
1.60	0.00	71984377	219679
1.59	0.00	72204056	803610
1.58	0.00	73007666	2573909
1.57	0.00	75581575	1000262
1.56	0.00	76581837	1251
1.55	0.00	76583088	231273
1.54	0.00	76814361	932596
1.53	0.00	77746957	2469
1.52	0.00	77749426	913722
1.51	0.00	78663148	297958
1.50	0.00	78961106	692519
1.49	0.00	79653625	201197
1.48	0.00	79854822	826226
1.47	0.00	80681048	1016798
1.46	0.00	81697846	2260
1.45	0.00	81700106	757266
1.44	0.00	82457372	2175074
1.43	0.00	84632446	746498
1.42	0.00	85378944	1566
1.41	0.00	85380510	4048881
1.40	0.00	89429391	225580
1.39	0.00	89654971	780705
1.38	0.00	90435676	1929
1.37	0.00	90437605	748393
1.36	0.00	91185998	710942
1.35	0.00	91896940	101343
1.34	0.00	91998283	685254
1.33	0.00	92683537	89013
1.32	0.00	92772550	562951
1.31	0.00	93335501	2278193
1.30	0.00	95613694	144312
1.29	0.00	95758006	629152
1.28	0.00	96387158	1864058
1.27	0.00	98251216	71004
1.26	0.00	98322220	531645
1.25	0.00	98853865	3757303
1.24	0.00	102611168	8941
1.23	0.00	102620109	578116
1.22	0.00	103198225	546263
1.21	0.00	103744488	122039
1.20	0.00	103866527	1839268
1.19	0.00	105705795	491805
1.18	0.00	106197600	474845
1.17	0.00	106672445	55930
1.15	0.00	106728375	448347
1.14	0.00	107176722	422034
1.13	0.00	107598756	399118
1.12	0.00	107997874	453281
1.11	0.00	108451155	3247844
1.10	0.00	111698999	19802889
1.09	0.00	131501888	561144
1.08	0.00	132063032	330540
1.07	0.00	132393572	502514
1.06	0.00	132896086	461638
1.05	0.00	133357724	482489
1.04	0.00	133840213	426862
1.03	0.00	134267075	399902
1.02	0.00	134666977	1119148
1.01	0.00	135786125	357391
1.00	0.00	136143516	4416644
0.99	0.00	140560160	370298
0.98	0.00	140930458	42707
0.97	0.00	140973165	356406
0.96	0.00	141329571	462424
0.95	0.00	141791995	308844
0.94	0.00	142100839	824491
0.93	0.00	142925330	269406
0.92	0.00	143194736	67586008
0.91	0.00	210780744	2243177
0.90	0.00	213023921	14275433
0.89	0.00	227299354	220163
0.88	0.00	227519517	2253002
0.87	0.00	229772519	2179359
0.86	0.00	231951878	2461025
0.85	0.00	234412903	11349087
0.84	0.00	245761990	1949972
0.83	0.00	247711962	2016832
0.82	0.00	249728794	1795290
0.81	0.00	251524084	4359404
0.80	0.00	255883488	586798
0.79	0.00	256470286	1654127
0.78	0.00	258124413	1669911
0.77	0.00	259794324	10510313
0.76	0.00	270304637	1694030
0.75	0.00	271998667	1691336
0.74	0.00	273690003	1843922
0.73	0.00	275533925	4221382
0.72	0.00	279755307	1396789
0.71	0.00	281152096	1315007
0.70	0.00	282467103	1302390
0.69	0.00	283769493	1199173
0.68	0.00	284968666	1382841
0.67	0.00	286351507	9388257
0.66	0.00	295739764	2721440
0.65	0.00	298461204	1168221
0.64	0.00	299629425	2089302
0.63	0.00	301718727	1140403
0.62	0.00	302859130	1022196
0.61	0.00	303881326	869587
0.60	0.00	304750913	2662491
0.59	0.00	307413404	7685841
0.57	0.00	315099245	47022962
0.56	0.00	362122207	3075217
0.55	0.00	365197424	1651560
0.54	0.00	366848984	1723981
0.53	0.00	368572965	758104
0.52	0.00	369331069	10614133
0.51	0.00	379945202	1429512
0.50	0.00	381374714	1208876
0.49	0.00	382583590	19848231
0.48	0.00	402431821	1039235
0.47	0.00	403471056	501471
0.46	0.00	403972527	8722835
0.45	0.00	412695362	5882018
0.44	0.00	418577380	690208
0.43	0.00	419267588	994635
0.42	0.00	420262223	1018722
0.41	0.00	421280945	5979172
0.40	0.00	427260117	526716
0.39	0.00	427786833	378439
0.38	0.00	428165272	726284
0.37	0.00	428891556	268693
0.36	0.00	429160249	4289115
0.35	0.00	433449364	797408829
0.34	0.00	1230858193	99264639
0.33	0.00	1330122832	27697036
0.32	0.00	1357819868	15768271
0.31	0.00	1373588139	23163151
0.30	0.00	1396751290	20764589
0.28	0.00	1417515879	104364119
0.27	0.00	1521879998	17544705
0.26	0.00	1539424703	16945022
0.25	0.00	1556369725	22526396
0.24	0.00	1578896121	72258599
0.23	0.00	1651154720	59302867
0.22	0.00	1710457587	14141379
0.21	0.00	1724598966	12724075
0.20	0.00	1737323041	338757149
0.19	0.00	2076080190	16715314
0.18	0.00	2092795504	9346148
0.17	0.00	2102141652	58844157
0.16	0.00	2160985809	8610724
0.15	0.00	2169596533	42952976
0.14	0.00	2212549509	5874004
0.13	0.00	2218423513	29584304
0.12	0.00	2248007817	6734230
0.11	0.00	2254742047	19397046
0.10	0.00	2274139093	28312621
0.09	0.00	2302451714	8448542
0.08	0.00	2310900256	446034
0.07	0.00	2311346290	9028024
0.06	0.00	2320374314	206363430
0.05	0.00	2526737744	2302961
0.04	0.00	2529040705	9038152
0.03	0.00	2538078857	1733894
0.02	0.00	2539812751	65143364
0.01	0.00	2604956115	25292508
0.00	0.00	2630248623	11651100
